1.0000	0.5672	0.5722	0.5827	0.5698	0.6046	0.6076	0.6435	0.5865	0.5729	0.6012	0.5617	0.5492	0.6183	0.6233	0.6743	0.5568	0.5368	0.5542	0.6390
0.5672	1.0000	0.5929	0.7310	0.5915	0.6081	0.5976	0.5641	0.6369	0.6550	0.6398	0.6728	0.6098	0.5923	0.6807	0.5771	0.6515	0.6895	0.6682	0.6282
0.5722	0.5929	1.0000	0.5774	0.5959	0.5693	0.6155	0.5632	0.5612	0.5843	0.5883	0.5372	0.5417	0.5448	0.6302	0.5818	0.5530	0.5678	0.5713	0.6305
0.5827	0.7310	0.5774	1.0000	0.5914	0.6218	0.6143	0.5748	0.6213	0.6627	0.6597	0.6477	0.6165	0.6057	0.7099	0.6091	0.6950	0.6680	0.6202	0.6853
0.5698	0.5915	0.5959	0.5914	1.0000	0.6970	0.6298	0.6695	0.5917	0.6658	0.5886	0.6179	0.6914	0.5970	0.6248	0.6019	0.6143	0.5826	0.5494	0.5664
0.6046	0.6081	0.5693	0.6218	0.6970	1.0000	0.6211	0.6312	0.6290	0.6446	0.6189	0.6195	0.6433	0.6458	0.6669	0.5933	0.6316	0.5879	0.5656	0.5833
0.6076	0.5976	0.6155	0.6143	0.6298	0.6211	1.0000	0.6702	0.6219	0.6423	0.6631	0.6166	0.5818	0.5642	0.6788	0.6311	0.6014	0.5730	0.6012	0.6380
0.6435	0.5641	0.5632	0.5748	0.6695	0.6312	0.6702	1.0000	0.5933	0.6152	0.6406	0.5882	0.5830	0.5816	0.6105	0.6359	0.5545	0.5533	0.5543	0.5950
0.5865	0.6369	0.5612	0.6213	0.5917	0.6290	0.6219	0.5933	1.0000	0.6928	0.6301	0.6390	0.5628	0.5946	0.6462	0.5621	0.6445	0.5990	0.6342	0.6028
0.5729	0.6550	0.5843	0.6627	0.6658	0.6446	0.6423	0.6152	0.6928	1.0000	0.6397	0.7367	0.6282	0.6363	0.6707	0.5830	0.6757	0.6691	0.6177	0.6457
0.6012	0.6398	0.5883	0.6597	0.5886	0.6189	0.6631	0.6406	0.6301	0.6397	1.0000	0.6204	0.6011	0.5669	0.6760	0.6157	0.6217	0.5915	0.5878	0.6659
0.5617	0.6728	0.5372	0.6477	0.6179	0.6195	0.6166	0.5882	0.6390	0.7367	0.6204	1.0000	0.6335	0.6127	0.6557	0.5781	0.6744	0.6287	0.6035	0.5989
0.5492	0.6098	0.5417	0.6165	0.6914	0.6433	0.5818	0.5830	0.5628	0.6282	0.6011	0.6335	1.0000	0.5797	0.6242	0.5956	0.6098	0.6124	0.5579	0.5653
0.6183	0.5923	0.5448	0.6057	0.5970	0.6458	0.5642	0.5816	0.5946	0.6363	0.5669	0.6127	0.5797	1.0000	0.6426	0.5694	0.5811	0.5845	0.5790	0.6090
0.6233	0.6807	0.6302	0.7099	0.6248	0.6669	0.6788	0.6105	0.6462	0.6707	0.6760	0.6557	0.6242	0.6426	1.0000	0.6373	0.6519	0.6385	0.6390	0.6688
0.6743	0.5771	0.5818	0.6091	0.6019	0.5933	0.6311	0.6359	0.5621	0.5830	0.6157	0.5781	0.5956	0.5694	0.6373	1.0000	0.5804	0.5466	0.5788	0.6249
0.5568	0.6515	0.5530	0.6950	0.6143	0.6316	0.6014	0.5545	0.6445	0.6757	0.6217	0.6744	0.6098	0.5811	0.6519	0.5804	1.0000	0.6706	0.5980	0.5946
0.5368	0.6895	0.5678	0.6680	0.5826	0.5879	0.5730	0.5533	0.5990	0.6691	0.5915	0.6287	0.6124	0.5845	0.6385	0.5466	0.6706	1.0000	0.5837	0.6019
0.5542	0.6682	0.5713	0.6202	0.5494	0.5656	0.6012	0.5543	0.6342	0.6177	0.5878	0.6035	0.5579	0.5790	0.6390	0.5788	0.5980	0.5837	1.0000	0.5809
0.6390	0.6282	0.6305	0.6853	0.5664	0.5833	0.6380	0.5950	0.6028	0.6457	0.6659	0.5989	0.5653	0.6090	0.6688	0.6249	0.5946	0.6019	0.5809	1.0000
