1.0000 0.5444 0.4952 0.6863 0.4885 0.6956 0.6591 0.5878 0.6252 0.4972 0.5466 0.5364 0.6593 0.5040 0.6931 0.6935 0.5923 0.6297 0.5254 0.5912
0.5444 1.0000 0.6398 0.6208 0.6534 0.6013 0.7417 0.8148 0.5013 0.6338 0.6938 0.6455 0.7393 0.6166 0.6187 0.6195 0.7610 0.4848 0.6447 0.7894
0.4952 0.6398 1.0000 0.5622 0.7493 0.5459 0.6488 0.6969 0.4558 0.7938 0.7232 0.7653 0.6508 0.7404 0.5608 0.5614 0.6815 0.4404 0.7790 0.6951
0.6863 0.6208 0.5622 1.0000 0.5558 0.8636 0.7695 0.6733 0.7126 0.5656 0.6233 0.6116 0.7700 0.5738 0.8810 0.8808 0.6789 0.6125 0.5987 0.6775
0.4885 0.6534 0.7493 0.5558 1.0000 0.5392 0.6501 0.7478 0.4504 0.8921 0.8203 0.8417 0.6506 0.8480 0.5538 0.5545 0.7192 0.4349 0.8740 0.7500
0.6956 0.6013 0.5459 0.8636 0.5392 1.0000 0.7389 0.6511 0.7257 0.5486 0.6039 0.5927 0.7392 0.5564 0.9122 0.9108 0.6563 0.6299 0.5803 0.6551
0.6591 0.7417 0.6488 0.7695 0.6501 0.7389 1.0000 0.8034 0.6026 0.6543 0.7295 0.7068 0.9838 0.6617 0.7669 0.7681 0.8079 0.5829 0.6920 0.8122
0.5878 0.8148 0.6969 0.6733 0.7478 0.6511 0.8034 1.0000 0.5402 0.7235 0.7945 0.7223 0.8032 0.7001 0.6712 0.6721 0.8052 0.5228 0.7356 0.9156
0.6252 0.5013 0.4558 0.7126 0.4504 0.7257 0.6026 0.5402 1.0000 0.4583 0.5034 0.4944 0.6028 0.4648 0.6967 0.6928 0.5441 0.6717 0.4844 0.5433
0.4972 0.6338 0.7938 0.5656 0.8921 0.5486 0.6543 0.7235 0.4583 1.0000 0.8096 0.8656 0.6554 0.8571 0.5636 0.5642 0.7082 0.4427 0.9002 0.7242
0.5466 0.6938 0.7232 0.6233 0.8203 0.6039 0.7295 0.7945 0.5034 0.8096 1.0000 0.7939 0.7311 0.7781 0.6214 0.6221 0.7436 0.4869 0.8209 0.8013
0.5364 0.6455 0.7653 0.6116 0.8417 0.5927 0.7068 0.7223 0.4944 0.8656 0.7939 1.0000 0.7080 0.9015 0.6096 0.6103 0.7729 0.4779 0.9204 0.7397
0.6593 0.7393 0.6508 0.7700 0.6506 0.7392 0.9838 0.8032 0.6028 0.6554 0.7311 0.7080 1.0000 0.6647 0.7673 0.7685 0.8053 0.5831 0.6945 0.8117
0.5040 0.6166 0.7404 0.5738 0.8480 0.5564 0.6617 0.7001 0.4648 0.8571 0.7781 0.9015 0.6647 1.0000 0.5718 0.5724 0.7318 0.4489 0.9185 0.7150
0.6931 0.6187 0.5608 0.8810 0.5538 0.9122 0.7669 0.6712 0.6967 0.5636 0.6214 0.6096 0.7673 0.5718 1.0000 0.9912 0.6770 0.6395 0.5966 0.6756
0.6935 0.6195 0.5614 0.8808 0.5545 0.9108 0.7681 0.6721 0.6928 0.5642 0.6221 0.6103 0.7685 0.5724 0.9912 1.0000 0.6778 0.6359 0.5973 0.6764
0.5923 0.7610 0.6815 0.6789 0.7192 0.6563 0.8079 0.8052 0.5441 0.7082 0.7436 0.7729 0.8053 0.7318 0.6770 0.6778 1.0000 0.5267 0.7514 0.8238
0.6297 0.4848 0.4404 0.6125 0.4349 0.6299 0.5829 0.5228 0.6717 0.4427 0.4869 0.4779 0.5831 0.4489 0.6395 0.6359 0.5267 1.0000 0.4681 0.5259
0.5254 0.6447 0.7790 0.5987 0.8740 0.5803 0.6920 0.7356 0.4844 0.9002 0.8209 0.9204 0.6945 0.9185 0.5966 0.5973 0.7514 0.4681 1.0000 0.7492
0.5912 0.7894 0.6951 0.6775 0.7500 0.6551 0.8122 0.9156 0.5433 0.7242 0.8013 0.7397 0.8117 0.7150 0.6756 0.6764 0.8238 0.5259 0.7492 1.0000
