1.0000 0.4931 0.4503 0.5803 0.5106 0.5803 0.5803 0.5144 0.4931 0.4931 0.4931 0.4887 0.4931 0.5258 0.4988 0.4670 0.5175 0.5417 0.4940 0.4941
0.4931 1.0000 0.4838 0.5418 0.4936 0.5418 0.5418 0.5038 1.0000 1.0000 1.0000 0.5445 1.0000 0.5244 0.5596 0.5555 0.5629 0.4941 0.5480 0.5555
0.4503 0.4838 1.0000 0.5055 0.4609 0.5055 0.5055 0.4875 0.4838 0.4838 0.4838 0.4962 0.4838 0.5177 0.4829 0.5123 0.4909 0.4757 0.4990 0.5312
0.5803 0.5418 0.5055 1.0000 0.5443 1.0000 1.0000 0.5033 0.5418 0.5418 0.5418 0.5241 0.5418 0.5830 0.5452 0.5169 0.5682 0.5329 0.5185 0.5407
0.5106 0.4936 0.4609 0.5443 1.0000 0.5443 0.5443 0.5130 0.4936 0.4936 0.4936 0.4627 0.4936 0.5344 0.4981 0.4491 0.4765 0.4792 0.4803 0.4928
0.5803 0.5418 0.5055 1.0000 0.5443 1.0000 1.0000 0.5033 0.5418 0.5418 0.5418 0.5241 0.5418 0.5830 0.5452 0.5169 0.5682 0.5329 0.5185 0.5407
0.5803 0.5418 0.5055 1.0000 0.5443 1.0000 1.0000 0.5033 0.5418 0.5418 0.5418 0.5241 0.5418 0.5830 0.5452 0.5169 0.5682 0.5329 0.5185 0.5407
0.5144 0.5038 0.4875 0.5033 0.5130 0.5033 0.5033 1.0000 0.5038 0.5038 0.5038 0.4755 0.5038 0.5592 0.5177 0.4627 0.5301 0.5734 0.5162 0.5776
0.4931 1.0000 0.4838 0.5418 0.4936 0.5418 0.5418 0.5038 1.0000 1.0000 1.0000 0.5445 1.0000 0.5244 0.5596 0.5555 0.5629 0.4941 0.5480 0.5555
0.4931 1.0000 0.4838 0.5418 0.4936 0.5418 0.5418 0.5038 1.0000 1.0000 1.0000 0.5445 1.0000 0.5244 0.5596 0.5555 0.5629 0.4941 0.5480 0.5555
0.4931 1.0000 0.4838 0.5418 0.4936 0.5418 0.5418 0.5038 1.0000 1.0000 1.0000 0.5445 1.0000 0.5244 0.5596 0.5555 0.5629 0.4941 0.5480 0.5555
0.4887 0.5445 0.4962 0.5241 0.4627 0.5241 0.5241 0.4755 0.5445 0.5445 0.5445 1.0000 0.5445 0.5347 0.5323 0.5016 0.4958 0.5103 0.5113 0.5662
0.4931 1.0000 0.4838 0.5418 0.4936 0.5418 0.5418 0.5038 1.0000 1.0000 1.0000 0.5445 1.0000 0.5244 0.5596 0.5555 0.5629 0.4941 0.5480 0.5555
0.5258 0.5244 0.5177 0.5830 0.5344 0.5830 0.5830 0.5592 0.5244 0.5244 0.5244 0.5347 0.5244 1.0000 0.5494 0.5252 0.5681 0.5819 0.5504 0.5824
0.4988 0.5596 0.4829 0.5452 0.4981 0.5452 0.5452 0.5177 0.5596 0.5596 0.5596 0.5323 0.5596 0.5494 1.0000 0.5233 0.5471 0.5089 0.5585 0.5412
0.4670 0.5555 0.5123 0.5169 0.4491 0.5169 0.5169 0.4627 0.5555 0.5555 0.5555 0.5016 0.5555 0.5252 0.5233 1.0000 0.5872 0.5007 0.5337 0.5669
0.5175 0.5629 0.4909 0.5682 0.4765 0.5682 0.5682 0.5301 0.5629 0.5629 0.5629 0.4958 0.5629 0.5681 0.5471 0.5872 1.0000 0.5608 0.5121 0.5893
0.5417 0.4941 0.4757 0.5329 0.4792 0.5329 0.5329 0.5734 0.4941 0.4941 0.4941 0.5103 0.4941 0.5819 0.5089 0.5007 0.5608 1.0000 0.5302 0.5568
0.4940 0.5480 0.4990 0.5185 0.4803 0.5185 0.5185 0.5162 0.5480 0.5480 0.5480 0.5113 0.5480 0.5504 0.5585 0.5337 0.5121 0.5302 1.0000 0.5554
0.4941 0.5555 0.5312 0.5407 0.4928 0.5407 0.5407 0.5776 0.5555 0.5555 0.5555 0.5662 0.5555 0.5824 0.5412 0.5669 0.5893 0.5568 0.5554 1.0000
