0.9395447 -0.0533324 0.2230492 -0.0921989 0.2466977 0.1872735 -0.0387258 -0.0908269 0.2718250 -0.0529258 -0.0630619 -0.0761839 0.0614908 0.0449059 0.0676876 0.0698523 0.1689541 0.0608646 -0.1018892 -0.0852571 -0.0020405 -0.0333130 -0.0682191 -0.0507953 -0.0840664 -0.0744338 -0.0629140 -0.0426266 -0.0585683 -0.0764540 0.0403483 -0.0413130 -0.0578607 -0.0532976 -0.0676530 -0.0726017 0.1692774 -0.0658335 -0.0602346 -0.0534277 -0.0259751 -0.0556314 -0.1078872 -0.0591254 -0.1072815 -0.1036294 -0.0430179 0.0213372 0.0490058 -0.0750751 -0.1014335 -0.0650743 -0.0592065 0.0621509 0.0763178 0.0307673 -0.0804004 -0.0920505 -0.0928908 -0.0999791 -0.1284524 -0.0788031 -0.0742939 -0.0910182 0.0883604 -0.0982053 -0.1119006 0.0732054 -0.1241135 -0.0695953 0.0646926 -0.1173675 -0.1045777 -0.1306862 -0.1168637 -0.0800318 -0.1461221 -0.1344479 -0.1503103 0.0343500 -0.0307784 -0.1355331 -0.0899392 -0.1480578 -0.1484476 -0.1249950 -0.0986302 -0.1232277 -0.1328248 -0.1523903 -0.0931652 0.0173508 -0.1481514 -0.1402319 -0.1479799 -0.1358290 -0.1158505 -0.0567178 0.2350610 -0.0838961 0.1341237 0.2292069 0.1389406 -0.0437376 0.1910205 -0.0924560 0.1511341 -0.1099235 0.0700753 -0.0415730 0.1559849 0.0815135 -0.0677077 0.1388757 0.1188720 0.0521918 0.0763551 0.0834772 0.1342821 -0.0992701 0.0699251 0.0965805 0.0435149 0.0443768 -0.0788712 0.0792085 -0.1199752 0.0906691 0.0882841 -0.0988438 0.1366242 -0.0757569 0.2946569 0.1317987 0.1271879 0.1117992 0.1611020 0.1331403 0.0341437 -0.0908338 -0.0294923 0.1801885 -0.0823874 -0.0442185 -0.0561318 0.2916237 0.1829203 -0.0171549 0.1997180 0.1576265 0.2557499 0.1577844 -0.0947863 -0.0391058 0.2755730 0.2877476 0.3248386 -0.0361359 -0.0753943 -0.0646343 0.2472107 -0.0560540 -0.0492868 0.2959008 0.2208138 -0.0666018 0.2316664 -0.0875437 -0.0854064 -0.0258947 -0.0594317 -0.0991894 -0.1060788 -0.0998841 0.0834645 -0.1054725 -0.0858698 0.0521098 0.1351531 -0.0840447 -0.0900972 -0.0978737 -0.0478572 0.0909821 -0.0669524 0.0675695 -0.0989577 0.1059277 -0.0599216 -0.0745370 -0.0956071 -0.0480232 -0.0921040 0.0963187 -0.1125551 0.1057362 0.0740848
-0.0533324 1.0676212 -0.0337175 0.1505930 -0.0310512 -0.0502586 0.0417332 0.1517552 -0.0463803 0.0946325 0.0525068 0.1253426 -0.0872150 -0.0846673 -0.0644696 -0.0792104 -0.0783301 -0.0830500 0.0421444 0.0182089 0.0413151 0.0824177 0.1035587 0.0832880 0.0591048 0.0646611 0.1043482 0.0636284 0.0608007 0.0770966 0.0756355 0.0712239 0.0581022 0.0463996 0.0968550 0.0737842 -0.0353311 0.0674072 0.0921463 0.0730146 0.0790497 0.0556474 -0.0107625 -0.0373383 -0.0056039 -0.0331258 -0.0251266 -0.0933264 -0.0860257 -0.0258773 0.0138527 -0.0269484 -0.0455019 -0.0675669 -0.1064236 -0.1151336 -0.0058062 -0.0275521 -0.0077618 -0.0075446 0.0016775 -0.0167478 -0.0216210 -0.0305712 -0.1109020 0.0042949 -0.0032209 -0.0853034 0.0176038 -0.0153728 -0.0719879 0.0510801 -0.0102156 0.0164120 0.0368851 0.0131672 0.0131749 0.0115711 0.0568469 -0.0868296 -0.0241433 0.0015602 -0.0021052 0.0030028 0.0272423 0.0102391 0.0290476 0.0514438 0.0265030 0.0337231 0.0088254 -0.0828458 0.0037271 0.0037863 -0.0117459 0.0301575 0.0567387 0.0808934 -0.0700283 0.0730574 -0.0814586 -0.0474691 -0.0588760 0.0465703 -0.0352617 0.0835448 -0.0889910 0.0445842 -0.1168298 0.1201726 -0.0201363 -0.0901197 0.1047747 -0.0469228 -0.0873272 -0.0795498 -0.0819949 -0.0847517 -0.0879770 0.0487078 -0.0901252 -0.0836837 -0.0814411 -0.0865767 0.0601511 -0.1007375 0.1191664 -0.1029079 -0.0333001 0.0971030 -0.0793617 0.0841792 -0.0603279 -0.0624168 -0.0556266 -0.0522597 -0.0411545 -0.0548527 -0.0510798 0.0716592 0.1064756 -0.0308760 0.0694018 0.1276581 0.1555995 -0.0350831 -0.0789180 0.0998726 -0.0529652 -0.0346816 -0.0502841 -0.0809263 0.1085064 0.0745132 -0.0672290 -0.0467771 -0.0471106 0.1135167 0.1219383 0.1485293 -0.0637948 0.1831238 0.0992783 -0.0540293 -0.0451168 0.1584734 -0.0357466 0.0055855 0.0049442 -0.0604934 -0.0408778 -0.0399850 -0.0261881 -0.0447661 -0.0860615 -0.0053254 -0.0356447 -0.0932840 -0.1033248 -0.0363657 -0.0334907 -0.0588308 -0.0569885 -0.0965256 -0.0640336 -0.1127644 -0.0184775 -0.1102603 -0.0519510 -0.0114940 -0.0216656 -0.0119078 -0.0538698 -0.1086331 -0.0204818 -0.1025513 -0.1012331
0.2230492 -0.0337175 1.0011359 -0.0824481 0.2376983 0.2015299 -0.0383462 -0.0752870 0.1940228 -0.0573769 -0.0585856 -0.0791784 0.0879221 0.0869699 0.0895239 0.0969459 0.1644383 0.0952131 -0.0838522 -0.0802178 -0.0007391 -0.0507623 -0.0741566 -0.0386571 -0.0642918 -0.0441050 -0.0555010 -0.0361249 -0.0162406 -0.0532605 0.0357264 0.0016078 -0.0401546 -0.0500919 -0.0698553 -0.0561216 0.1486208 -0.0523083 -0.0340505 -0.0330088 -0.0147691 -0.0530982 -0.1056497 -0.0657298 -0.0945710 -0.1096746 -0.0520007 0.0369334 0.0609276 -0.0859328 -0.1197034 -0.0683780 -0.0545023 0.0804655 0.1095655 0.0345166 -0.0975335 -0.0906258 -0.1112672 -0.1006986 -0.1346031 -0.0679316 -0.0800914 -0.0996703 0.1074553 -0.0941042 -0.1123493 0.0650737 -0.1244708 -0.0958645 0.0895691 -0.1180017 -0.1022138 -0.1524332 -0.1282735 -0.0735830 -0.1487146 -0.1303014 -0.1541387 0.0442181 -0.0226863 -0.1351746 -0.0830618 -0.1445320 -0.1494770 -0.1183669 -0.1110364 -0.0919071 -0.1183079 -0.1485205 -0.0960660 0.0333384 -0.1329859 -0.1416401 -0.1498863 -0.1318337 -0.1157193 -0.0734656 0.1973014 -0.0820971 0.1441602 0.1805787 0.1665566 -0.0473567 0.1917702 -0.0746492 0.1449066 -0.1165355 0.0887436 -0.0523659 0.1452038 0.0911731 -0.0741497 0.1404357 0.1419141 0.0779695 0.0967581 0.1037037 0.1511250 -0.1000138 0.1138554 0.1187041 0.0729802 0.0882782 -0.0753301 0.0956861 -0.1087600 0.1187422 0.1120509 -0.0941692 0.1863582 -0.0831357 0.2246248 0.1434208 0.1476568 0.1304861 0.1660362 0.1472767 0.0761392 -0.0676052 -0.0399062 0.1571256 -0.0787600 -0.0250352 -0.0508438 0.2316863 0.1717365 -0.0413996 0.2073108 0.1443751 0.2141315 0.1542606 -0.1062432 -0.0394557 0.2033219 0.2159269 0.2101099 -0.0374603 -0.0807022 -0.0703721 0.2038920 -0.0628969 -0.0526938 0.2196127 0.1975096 -0.0423811 0.1948794 -0.0906580 -0.1150823 -0.0508761 -0.0443200 -0.1063575 -0.0996647 -0.1066978 0.0947837 -0.1047256 -0.0918219 0.0794164 0.1248526 -0.0887046 -0.1024534 -0.0960976 -0.0516893 0.0903280 -0.0655966 0.0732430 -0.0967232 0.1073990 -0.0573104 -0.0841814 -0.0962537 -0.0589110 -0.0856845 0.0907508 -0.1144999 0.0995064 0.0889993
-0.0921989 0.1505930 -0.0824481 1.1311626 -0.0692780 -0.0579604 0.0623136 0.1325656 -0.0865683 0.0630220 0.0697782 0.1001431 -0.0303494 -0.0565626 -0.0319712 -0.0326908 -0.0969860 -0.0403547 0.0684864 0.0142564 0.0420317 0.0704395 0.0713039 0.0772503 0.0503286 0.0907672 0.0800976 0.0470308 0.0574337 0.1022950 0.0517638 0.0897579 0.0557825 0.0721676 0.0474112 0.0735695 -0.0546140 0.0551612 0.1091702 0.0874684 0.0585699 0.0805286 -0.0417462 -0.0355657 0.0096162 0.0048557 -0.0255766 -0.0976447 -0.0967619 -0.0607177 0.0185458 0.0281047 -0.0477750 -0.0666882 -0.1082783 -0.0997509 -0.0187411 -0.0149319 -0.0039711 -0.0350338 -0.0015403 -0.0113367 0.0009635 -0.0042366 -0.0907203 -0.0124215 -0.0020053 -0.0672861 0.0082944 -0.0071187 -0.0750345 0.0305742 0.0161204 0.0231821 0.0181847 0.0163804 0.0641772 0.0507098 0.0558036 -0.0621561 -0.0422826 0.0179197 0.0261868 0.0611117 0.0746782 -0.0167372 0.0257113 0.0533077 0.0137018 0.0460418 0.0263664 -0.0652553 0.0281383 0.0388565 0.0034235 0.0289286 0.0617985 0.1019578 -0.0992344 0.0469414 -0.0968342 -0.0882973 -0.0762204 0.0309209 -0.0910582 0.0731009 -0.0998281 0.0184563 -0.0756363 0.0858973 -0.0265639 -0.0653138 0.1051910 -0.0704201 -0.0830362 -0.0264647 -0.0604917 -0.0658037 -0.0760382 0.0528818 -0.0800850 -0.0641726 -0.0565705 -0.0529048 0.0730480 -0.0804093 0.1011083 -0.0872262 -0.0343222 0.0586108 -0.0875432 0.0798204 -0.1052449 -0.0630524 -0.0753497 -0.0517473 -0.0627605 -0.0549297 -0.0312840 0.0478393 0.0845504 -0.0539523 0.0971033 0.1064941 0.0618900 -0.1057087 -0.0917980 0.0576412 -0.0985409 -0.0708620 -0.1030062 -0.0975976 0.0566905 0.0712198 -0.1189777 -0.0916105 -0.0956562 0.0994243 0.1133470 0.0558722 -0.0933652 0.0997836 0.0922257 -0.1025256 -0.0471904 0.1650220 -0.0645937 0.0196366 0.0499824 -0.0316376 -0.0560678 -0.0322487 0.0221786 -0.0099096 -0.0925043 0.0680967 0.0395259 -0.0911511 -0.1046385 0.0232146 -0.0154464 0.0339823 -0.0172634 -0.1054361 -0.0468988 -0.1060273 -0.0064275 -0.1034848 -0.0117697 0.0150660 0.0311343 -0.0082205 -0.0294485 -0.0755071 0.0037596 -0.1059054 -0.0786770
0.2466977 -0.0310512 0.2376983 -0.0692780 1.0310007 0.1643028 -0.0211903 -0.0606617 0.2241623 -0.0666267 -0.0533461 -0.0743884 0.1106138 0.0920974 0.0983703 0.1067380 0.1752647 0.0908882 -0.0725823 -0.0973198 -0.0090152 -0.0393873 -0.0552819 -0.0445637 -0.0718914 -0.0481261 -0.0433072 -0.0344746 -0.0296915 -0.0511026 0.0383722 -0.0055434 -0.0386153 -0.0579685 -0.0718208 -0.0642433 0.1739877 -0.0547010 -0.0445350 -0.0325791 -0.0075775 -0.0503250 -0.1309979 -0.0852829 -0.1172182 -0.1296178 -0.0726936 0.0146967 0.0500602 -0.0994850 -0.1215513 -0.0909695 -0.0848671 0.0574833 0.0734483 0.0307908 -0.1047552 -0.1154846 -0.1272765 -0.1269096 -0.1496876 -0.0911041 -0.1005119 -0.1191458 0.0694422 -0.1103015 -0.1408330 0.0525103 -0.1411125 -0.0957497 0.0687267 -0.1044100 -0.1046567 -0.1432757 -0.1153728 -0.0677683 -0.1305342 -0.1170407 -0.1376401 0.0618505 -0.0039493 -0.1353898 -0.0744344 -0.1445519 -0.1474545 -0.1103269 -0.0934285 -0.0887257 -0.1304592 -0.1410897 -0.0987075 0.0219642 -0.1336868 -0.1478102 -0.1489738 -0.1438030 -0.1123661 -0.0366426 0.2375359 -0.0812138 0.1576817 0.2048534 0.1595706 -0.0436065 0.2117554 -0.0731249 0.1863325 -0.0974172 0.1122842 -0.0308664 0.1685418 0.1124416 -0.0599995 0.1669240 0.1648382 0.0939109 0.0909335 0.1083713 0.1806668 -0.1081438 0.1169648 0.1196410 0.0636921 0.0958982 -0.0790263 0.1159342 -0.0991459 0.1267149 0.1269203 -0.0810025 0.1639050 -0.0670124 0.2831675 0.1571541 0.1547811 0.1611439 0.1941004 0.1685042 0.0590086 -0.0561638 -0.0293768 0.2029004 -0.0735308 -0.0210113 -0.0603191 0.2328567 0.2049842 -0.0107512 0.2302406 0.1729222 0.2492570 0.1621358 -0.0868217 -0.0275486 0.2182692 0.2472568 0.2591270 -0.0155998 -0.0562485 -0.0420816 0.2265503 -0.0580227 -0.0423771 0.2768617 0.2171862 -0.0450804 0.1808182 -0.1043015 -0.1105489 -0.0571206 -0.0620199 -0.1220325 -0.1197588 -0.1206617 0.0737950 -0.1307590 -0.1105008 0.0633981 0.1180356 -0.1094058 -0.1170122 -0.1127789 -0.0858193 0.0946528 -0.0998358 0.0718116 -0.1118754 0.0807172 -0.0705360 -0.0918595 -0.1082702 -0.0751495 -0.1147834 0.0663837 -0.1263323 0.0963211 0.0732722
0.1872735 -0.0502586 0.2015299 -0.0579604 0.1643028 1.0975181 -0.0276179 -0.0798173 0.1860944 -0.0474488 -0.0437983 -0.0688812 0.0941597 0.1015653 0.0935944 0.1265240 0.1436018 0.0982630 -0.0779750 -0.0942380 -0.0064499 -0.0410795 -0.0761473 -0.0529265 -0.0684775 -0.0607415 -0.0576533 -0.0532064 -0.0496605 -0.0540381 0.0091661 0.0093629 -0.0443529 -0.0316660 -0.0821244 -0.0704134 0.1447318 -0.0487668 -0.0487910 -0.0308404 -0.0419944 -0.0709831 -0.0868144 -0.0391382 -0.0788058 -0.1207029 -0.0496427 0.0596581 0.0941838 -0.0539787 -0.0979650 -0.0655447 -0.0369988 0.0969085 0.1030986 0.0793190 -0.0792916 -0.0681552 -0.1167972 -0.0669491 -0.1214747 -0.0717496 -0.0689480 -0.0760437 0.1024435 -0.0997394 -0.1084059 0.0634385 -0.1130657 -0.0565634 0.1022906 -0.1088049 -0.0914937 -0.1428528 -0.1257878 -0.0755161 -0.1443589 -0.1325578 -0.1441657 0.0604598 0.0129217 -0.1285730 -0.1003764 -0.1235543 -0.1307308 -0.1091335 -0.1044438 -0.1315045 -0.1123429 -0.1284021 -0.1018821 0.0463593 -0.1209265 -0.1238299 -0.1431957 -0.1340798 -0.1026495 -0.0599861 0.1811134 -0.0633124 0.1370960 0.1519336 0.1539110 -0.0404360 0.1607694 -0.0816270 0.1417698 -0.1127911 0.1078831 -0.0654396 0.1360179 0.0912217 -0.0664952 0.1519744 0.1397434 0.0865137 0.1024383 0.0959954 0.1534668 -0.0978692 0.1308657 0.0992340 0.0802594 0.0873220 -0.0516866 0.1069174 -0.1057427 0.1160141 0.1122952 -0.0919296 0.1679514 -0.0892449 0.1943012 0.1338463 0.1301118 0.1275797 0.1689036 0.1492088 0.1068525 -0.0525422 -0.0581431 0.1405820 -0.0843712 -0.0128119 -0.0713365 0.1832823 0.1870311 -0.0480453 0.1494208 0.1442474 0.1844121 0.1426551 -0.1170534 -0.0623123 0.1781520 0.2040893 0.1783696 -0.0607942 -0.0922893 -0.0829613 0.2031904 -0.0776161 -0.0560566 0.1879002 0.1788266 -0.0447951 0.2069461 -0.0959778 -0.0749655 -0.0427752 -0.0668834 -0.1090016 -0.0955496 -0.1091525 0.0834313 -0.1070012 -0.0990822 0.0647032 0.0994548 -0.0954076 -0.1114048 -0.0882504 -0.0610281 0.1009720 -0.0541155 0.0673985 -0.0734985 0.1020723 -0.0554454 -0.0737333 -0.0817136 -0.0605991 -0.0891928 0.0862613 -0.1101881 0.0884471 0.0721171
-0.0387258 0.0417332 -0.0383462 0.0623136 -0.0211903 -0.0276179 0.9839221 0.1268663 -0.0290534 0.0735387 0.0943865 0.0803759 -0.0592528 -0.0555995 -0.0256237 -0.0574003 -0.0541649 -0.0446611 0.0461859 0.0045013 0.0727673 0.0589019 0.1016923 0.0979835 0.0750467 0.0816996 0.0833970 0.0764201 0.0784090 0.0612767 0.0689473 0.0662019 0.0755109 0.1053330 0.0521721 0.0720937 -0.0335431 0.0834886 0.0701566 0.0604354 0.0388099 0.1130011 -0.0168151 -0.0081436 -0.0155984 -0.0068344 -0.0134203 -0.0957017 -0.0610486 -0.0082991 -0.0114257 -0.0152226 0.0013792 -0.0635084 -0.0529319 -0.0799616 -0.0323758 0.0083018 -0.0347930 -0.0000845 -0.0235513 0.0006363 -0.0453854 -0.0126488 -0.0615964 -0.0195309 0.0012701 -0.0557818 0.0031679 -0.0139876 -0.0635616 -0.0209312 -0.0172815 -0.0158134 -0.0164094 -0.0102731 -0.0270622 -0.0400566 -0.0073013 -0.0669373 -0.0518113 -0.0233044 -0.0330039 -0.0226916 -0.0391577 -0.0492236 -0.0187854 -0.0286446 -0.0262847 -0.0283821 -0.0415293 -0.0781142 -0.0329904 -0.0147767 -0.0334383 -0.0114273 0.0271692 0.0926111 -0.0597336 0.0659908 -0.0608349 -0.0448491 -0.0514719 0.0102737 -0.0559596 0.0766858 -0.0609694 0.0109740 -0.0582503 0.1150471 -0.0268620 -0.0670456 0.1002708 -0.0362210 -0.0634053 -0.0510665 -0.0525044 -0.0538023 -0.0567500 0.0304529 -0.0450200 -0.0590899 -0.0570810 -0.0483833 0.0432628 -0.0553286 0.0902574 -0.0641124 -0.0273184 0.0347623 -0.0645189 0.0581592 -0.0470267 -0.0520879 -0.0547995 -0.0572279 -0.0375775 -0.0415656 -0.0711357 0.0701919 0.0901874 -0.0292991 0.1163955 0.1072255 0.1144238 -0.0355294 -0.0596263 0.0458926 -0.0428196 -0.0353612 -0.0524690 -0.0668371 0.0405157 0.1007490 -0.0380712 -0.0471251 -0.0331065 0.1191695 0.0934656 0.0680863 -0.0106662 0.0777478 0.1167306 -0.0440716 -0.0394285 0.0755745 -0.0233739 0.0157008 0.0183966 -0.0514598 -0.0173943 -0.0435967 -0.0106160 -0.0319206 -0.0756189 -0.0290003 -0.0167839 -0.0830249 -0.0813795 -0.0165467 -0.0486083 -0.0451563 -0.0284412 -0.0907557 -0.0409666 -0.0880189 -0.0205196 -0.0760097 -0.0381501 0.0080242 -0.0405066 -0.0366451 -0.0489197 -0.0750609 -0.0216378 -0.0873335 -0.0868377
-0.0908269 0.1517552 -0.0752870 0.1325656 -0.0606617 -0.0798173 0.1268663 1.0064291 -0.0817441 0.0944022 0.1356508 0.1258030 -0.0702012 -0.0710313 -0.0268793 -0.0486264 -0.0958494 -0.0594408 0.0457920 0.0349491 0.0593521 0.0640189 0.0924222 0.1547149 0.0599897 0.1074484 0.1135458 0.0907878 0.0999761 0.0768651 0.0438696 0.0913580 0.1254321 0.1239677 0.0935278 0.1025738 -0.0504662 0.0818160 0.0944937 0.0976668 0.1067993 0.1045791 -0.0167257 -0.0471401 -0.0363303 0.0097226 -0.0359545 -0.1044030 -0.0816851 -0.0474008 -0.0395036 -0.0048083 -0.0602062 -0.0745195 -0.0986463 -0.1122815 -0.0346358 -0.0228125 0.0051382 -0.0101232 0.0019805 -0.0266042 -0.0032516 -0.0414217 -0.0840035 -0.0165857 -0.0080711 -0.0780796 0.0015119 -0.0444215 -0.0852858 0.0220228 -0.0089142 0.0249973 0.0016136 0.0218681 0.0139255 0.0214077 0.0368551 -0.0744802 -0.0522874 -0.0145839 0.0017430 0.0282705 0.0355517 -0.0075266 0.0084009 0.0660383 0.0312576 0.0520469 0.0431398 -0.0963403 0.0372731 0.0120661 0.0216326 0.0461001 0.0791016 0.1264194 -0.1120164 0.0759719 -0.1049347 -0.0918869 -0.0822098 0.0074424 -0.1000774 0.1306419 -0.1040738 0.0167354 -0.0977171 0.1125584 -0.0389136 -0.0815651 0.1151502 -0.0674047 -0.0928376 -0.0651588 -0.0718800 -0.0773730 -0.0855393 0.0628706 -0.0916410 -0.0848182 -0.0726286 -0.0597507 0.0637121 -0.0686251 0.1091763 -0.0970524 -0.0452288 0.0682139 -0.0995276 0.0954563 -0.1055901 -0.0652031 -0.0775769 -0.0731142 -0.0791102 -0.0839081 -0.0710025 0.0926306 0.1136128 -0.0511155 0.1579761 0.1109765 0.1447804 -0.0980716 -0.1029569 0.0615746 -0.1000335 -0.0733098 -0.0958162 -0.1058615 0.0732881 0.0965783 -0.0868290 -0.0953234 -0.0772036 0.1238945 0.1120545 0.1479392 -0.0893312 0.1418992 0.1231920 -0.0873976 -0.0768735 0.1242151 -0.0806567 0.0204882 0.0352419 -0.0687141 -0.0481614 0.0020707 0.0270802 -0.0123842 -0.0963629 0.0311156 0.0195377 -0.1048897 -0.1119928 0.0067715 -0.0355136 -0.0166155 -0.0469900 -0.1005173 -0.0396817 -0.1226187 -0.0206456 -0.1170272 -0.0021884 -0.0106221 -0.0195651 -0.0419438 -0.0337513 -0.1129145 0.0154420 -0.0929373 -0.0890400
0.2718250 -0.0463803 0.1940228 -0.0865683 0.2241623 0.1860944 -0.0290534 -0.0817441 0.9285428 -0.0273729 -0.0538616 -0.0561627 0.0756329 0.0690111 0.0646222 0.0609390 0.1368340 0.0451325 -0.1036732 -0.0841657 -0.0079229 -0.0445258 -0.0576594 -0.0403926 -0.0443002 -0.0597760 -0.0583836 -0.0394296 -0.0331393 -0.0555094 0.0492292 -0.0279993 -0.0172000 -0.0355874 -0.0451368 -0.0628869 0.1584278 -0.0361206 -0.0420466 -0.0339273 -0.0305726 -0.0492569 -0.1151697 -0.0723015 -0.1041523 -0.0924332 -0.0589516 0.0219550 0.0310975 -0.0907207 -0.1236316 -0.0778692 -0.0541698 0.0668009 0.0729270 0.0101042 -0.0928693 -0.0850245 -0.1163647 -0.1060104 -0.1354989 -0.0740523 -0.1040259 -0.0960501 0.0873156 -0.1036315 -0.1148709 0.0432334 -0.1397641 -0.0886320 0.0511127 -0.1130600 -0.0988687 -0.1226694 -0.1108499 -0.0714551 -0.1409896 -0.1251061 -0.1476455 0.0085404 -0.0343741 -0.1396550 -0.0927390 -0.1311258 -0.1347936 -0.1128691 -0.0913611 -0.1155449 -0.1342845 -0.1233078 -0.0819858 0.0060724 -0.1486668 -0.1604139 -0.1374807 -0.1426749 -0.0974397 -0.0314189 0.2318175 -0.0742241 0.1105216 0.2196009 0.1296438 -0.0458827 0.1886563 -0.0783135 0.1380353 -0.1095489 0.0655289 -0.0351511 0.1449014 0.0763370 -0.0565640 0.1360945 0.1184441 0.0482151 0.0874103 0.0803567 0.1348187 -0.0929853 0.0874493 0.0753298 0.0348346 0.0331725 -0.0644339 0.0700333 -0.1099187 0.0673423 0.0828095 -0.0893507 0.1262881 -0.0807018 0.2653329 0.1075308 0.1120416 0.1455172 0.1585318 0.1200133 0.0422772 -0.0781867 -0.0224343 0.1678329 -0.0645568 -0.0430357 -0.0502007 0.2928812 0.1745147 -0.0100118 0.2181091 0.1491256 0.2475326 0.1600900 -0.0886711 -0.0462617 0.2524673 0.4711586 0.3069992 -0.0298283 -0.0605522 -0.0595700 0.2378877 -0.0597378 -0.0347508 0.2918215 0.2288255 -0.0506426 0.1714388 -0.0966140 -0.0813479 -0.0325227 -0.0672090 -0.1084397 -0.1156865 -0.0962982 0.0706116 -0.1082804 -0.0887923 0.0417122 0.1264705 -0.0856550 -0.0964702 -0.0870237 -0.0512486 0.1125553 -0.0853855 0.0384149 -0.0907510 0.0941502 -0.0631409 -0.0647102 -0.1057563 -0.0636938 -0.0986615 0.0746864 -0.1052949 0.0914347 0.0519312
-0.0529258 0.0946325 -0.0573769 0.0630220 -0.0666267 -0.0474488 0.0735387 0.0944022 -0.0273729 0.9725082 0.0960591 0.1163938 -0.0734466 -0.0570649 -0.0460546 -0.0619663 -0.0606255 -0.0521220 0.0366596 0.0461601 0.0717303 0.0840801 0.0991877 0.0810908 0.1544597 0.1111238 0.1181096 0.1064497 0.0918130 0.1074956 0.0698624 0.0803186 0.1003214 0.1147923 0.1467582 0.0838392 -0.0334588 0.1190165 0.0702568 0.0811217 0.0741759 0.1070177 -0.0077155 -0.0165284 -0.0175883 -0.0234788 -0.0173019 -0.0721563 -0.0554285 -0.0242267 -0.0087930 -0.0208215 -0.0244821 -0.0642482 -0.0870739 -0.0680409 -0.0232588 0.0044977 -0.0476757 -0.0158855 -0.0267991 -0.0138684 -0.0297828 -0.0103713 -0.0709972 -0.0008209 0.0071771 -0.0441558 -0.0045403 0.0024109 -0.0367883 -0.0062761 -0.0108954 -0.0281785 -0.0329534 0.0182176 -0.0316010 -0.0434464 0.0005098 -0.0698524 -0.0379541 -0.0397776 -0.0621731 -0.0288843 -0.0425605 -0.0535065 -0.0239432 -0.0494067 0.0221899 -0.0259194 -0.0513661 -0.0737973 0.0035164 -0.0029398 -0.0071371 -0.0152694 0.0385831 0.0704882 -0.0773769 0.0551174 -0.0898693 -0.0539273 -0.0585618 0.0151565 -0.0600791 0.0245987 -0.0855858 -0.0025351 -0.0791641 0.1039465 -0.0260796 -0.0650418 0.3235587 -0.0428433 -0.0706172 -0.0546733 -0.0746961 -0.0501010 -0.0621583 0.0415713 -0.0659994 -0.0687284 -0.0518001 -0.0533641 0.0645071 -0.0830377 0.0936805 -0.0847635 -0.0323905 0.0290907 -0.0789097 0.0820193 -0.0747083 -0.0604591 -0.0614962 -0.0431537 -0.0659034 -0.0518466 -0.0290670 0.0687104 0.0771835 -0.0495218 0.0816977 0.0906936 0.0929822 -0.0511860 -0.0970811 0.0361397 -0.0401843 -0.0473452 -0.0769515 -0.0808743 0.0215669 0.0328058 -0.0819395 -0.0300427 -0.0547403 0.1200949 0.0689935 0.1302507 -0.0603253 0.0797705 0.0804332 -0.0568245 -0.0431648 0.0597845 -0.0596730 0.0226784 0.0122165 -0.0590172 -0.0526796 -0.0302748 -0.0245932 -0.0367739 -0.0571985 -0.0277354 0.0067692 -0.0819402 -0.0712042 -0.0220826 -0.0274228 -0.0447877 -0.0308015 -0.0736390 -0.0542527 -0.1099022 -0.0412862 -0.0887874 -0.0427018 0.0042719 -0.0139504 -0.0416806 -0.0662626 -0.0835788 -0.0274319 -0.0955736 -0.0939905
-0.0630619 0.0525068 -0.0585856 0.0697782 -0.0533461 -0.0437983 0.0943865 0.1356508 -0.0538616 0.0960591 1.0006654 0.0962974 -0.0915793 -0.0645336 -0.0389685 -0.0399039 -0.0746216 -0.0533762 0.0715756 0.0086246 0.1268586 0.1122886 0.1388329 0.1571176 0.1117188 0.1373517 0.1168417 0.1251979 0.1324383 0.1097871 0.0631560 0.0764221 0.1426604 0.1571608 0.1219286 0.1078449 -0.0108675 0.1357737 0.0860574 0.0947044 0.1227597 0.1698445 -0.0405389 -0.0477140 -0.0571257 -0.0118575 -0.0512977 -0.0940560 -0.0692693 -0.0336635 -0.0188015 -0.0360512 -0.0412768 -0.0468365 -0.0659357 -0.0909427 -0.0238236 -0.0143343 -0.0284975 -0.0235042 -0.0189899 -0.0580881 -0.0576563 -0.0179496 -0.0718431 -0.0362159 -0.0309927 -0.0605452 -0.0356035 -0.0381506 -0.0550185 -0.0493850 -0.0064930 -0.0184022 -0.0543499 -0.0077187 -0.0474120 -0.0585486 -0.0319250 -0.0807292 -0.0903545 -0.0656141 -0.0671957 -0.0681318 -0.0720654 -0.0893444 -0.0343846 -0.0470362 -0.0347804 -0.0445809 -0.0425035 -0.0831042 -0.0300864 -0.0295544 -0.0389541 -0.0169770 -0.0060037 0.1193971 -0.0817856 0.0277751 -0.0802441 -0.0662454 -0.0771610 -0.0078013 -0.0748913 0.0185835 -0.1014767 -0.0229388 -0.0812679 0.1120811 -0.0172797 -0.0880641 0.1307499 -0.0547910 -0.0681911 -0.0545656 -0.0593864 -0.0607014 -0.0872689 0.0418573 -0.0741022 -0.0582496 -0.0622875 -0.0533586 0.0663687 -0.0745741 0.0913158 -0.0761969 -0.0391481 0.0119699 -0.0759682 0.0790022 -0.0858714 -0.0627516 -0.0778292 -0.0597842 -0.0489569 -0.0363797 -0.0661407 0.0760771 0.0517698 -0.0590246 0.1336133 0.0887476 0.0786459 -0.0606334 -0.0816665 0.0281098 -0.0711298 -0.0626992 -0.0854008 -0.0871715 0.0105673 0.0898974 -0.0758761 -0.0665316 -0.0454488 0.0887317 0.0869086 0.1249349 -0.0633723 0.0626939 0.1450420 -0.0716569 -0.0208305 0.0600670 -0.0666344 0.0452133 0.0358319 -0.0412859 -0.0305862 0.0252459 -0.0268172 -0.0294325 -0.0638543 0.0493902 0.0384146 -0.0795827 -0.0630715 0.0184478 -0.0206215 -0.0152558 -0.0218992 -0.0801716 -0.0268065 -0.0996897 -0.0206417 -0.0660384 -0.0255780 0.0122582 0.0121139 -0.0435248 -0.0143069 -0.0725244 -0.0389361 -0.0733809 -0.0555077
-0.0761839 0.1253426 -0.0791784 0.1001431 -0.0743884 -0.0688812 0.0803759 0.1258030 -0.0561627 0.1163938 0.0962974 1.1626410 -0.0841714 -0.0883449 -0.0675980 -0.0587198 -0.0889722 -0.0740246 0.1255993 0.0550963 0.0861383 0.1316076 0.1653009 0.1785970 0.1262046 0.1346198 0.1555672 0.1244412 0.0999283 0.1501024 0.1000522 0.0889831 0.1183474 0.1664170 0.1506442 0.1108226 -0.0370533 0.1538613 0.1156886 0.0905688 0.0971257 0.1278736 -0.0210085 -0.0413562 -0.0172769 -0.0300166 -0.0367638 -0.1021309 -0.0893998 -0.0313828 -0.0121715 -0.0239147 -0.0370480 -0.1000781 -0.1118110 -0.1059539 -0.0501803 -0.0493696 -0.0556365 -0.0289348 -0.0224709 -0.0488992 -0.0548413 -0.0265412 -0.1190565 -0.0111993 -0.0400359 -0.0741209 -0.0032176 -0.0141956 -0.0850031 0.0030392 -0.0170444 -0.0026064 -0.0042195 -0.0148073 0.0023415 -0.0239077 0.0367595 -0.0899161 -0.0276723 -0.0292360 -0.0201654 0.0046349 -0.0119860 -0.0192766 0.0074082 0.0184310 0.0292833 0.0270570 -0.0042464 -0.0794504 -0.0145592 -0.0065339 -0.0186513 -0.0158250 0.0428355 0.1131551 -0.0998436 0.0702056 -0.1059988 -0.0859105 -0.0731477 0.0453494 -0.0888155 0.0891733 -0.0963742 0.0690001 -0.0959615 0.1665564 -0.0287838 -0.0714937 0.1537564 -0.0583675 -0.0783990 -0.0663635 -0.0832072 -0.0740672 -0.0851093 0.0747667 -0.0838844 -0.0832309 -0.0673833 -0.0690383 0.0973310 -0.0873300 0.1554094 -0.1003962 -0.0232814 0.1022461 -0.0959579 0.0760125 -0.1063455 -0.0605636 -0.0769004 -0.0679277 -0.0607826 -0.0540358 -0.0534189 0.0751578 0.1146454 -0.0423552 0.0958640 0.1314324 0.1287042 -0.0948465 -0.0920923 0.0852424 -0.0891405 -0.0590351 -0.0891298 -0.1018571 0.0842310 0.1422853 -0.0737550 -0.0654129 -0.0733826 0.1210848 0.1133913 0.1394373 -0.0524141 0.1471223 0.1163817 -0.0955519 -0.0497873 0.1791818 -0.0769980 0.0341097 0.0126172 -0.0750072 -0.0504638 -0.0649985 -0.0313024 -0.0389025 -0.1018083 -0.0383644 -0.0332831 -0.1188695 -0.1059340 -0.0336823 -0.0260468 -0.0522193 -0.0381791 -0.0953034 -0.0732256 -0.1261468 -0.0453322 -0.1137598 -0.0596160 -0.0007096 -0.0337245 -0.0202791 -0.0652652 -0.1141677 -0.0164695 -0.1166101 -0.1144232
0.0614908 -0.0872150 0.0879221 -0.0303494 0.1106138 0.0941597 -0.0592528 -0.0702012 0.0756329 -0.0734466 -0.0915793 -0.0841714 1.0790317 0.1791713 0.1928824 0.2095747 0.1745044 0.2014921 -0.0389764 -0.0798093 -0.0493889 -0.0798571 -0.1031156 -0.0886169 -0.0768876 -0.0647145 -0.0830535 -0.0914213 -0.0562633 -0.0857496 -0.0045568 -0.0310241 -0.0691194 -0.0793457 -0.0627931 -0.1030591 0.0782161 -0.0867400 -0.0504019 -0.0757364 -0.0617227 -0.0882961 -0.0826687 -0.0686568 -0.0802507 -0.0795842 -0.0727296 0.1192739 0.1195981 -0.0586846 -0.1027839 -0.0690334 -0.0579774 0.0794713 0.1422503 0.1030680 -0.0771660 -0.0770022 -0.0722028 -0.0959687 -0.0818410 -0.0809212 -0.0404352 -0.0628000 0.1671493 -0.0621557 -0.0938771 0.1141425 -0.1273358 -0.0781271 0.1163982 -0.0523226 -0.0631818 -0.1140891 -0.0846191 -0.0567421 -0.0839601 -0.0467701 -0.0620429 0.1254121 0.0517379 -0.0667098 -0.0415310 -0.0664068 -0.0861117 -0.0583330 -0.0878746 -0.0142682 -0.0526838 -0.0822007 -0.0424177 0.1304927 -0.0381952 -0.0754170 -0.0921372 -0.0245164 -0.0361356 -0.0944457 0.1250547 -0.1033245 0.1643613 0.0885332 0.1297473 -0.0456644 0.1281240 -0.0698998 0.1742978 -0.1036147 0.1870253 -0.1148293 0.1249682 0.1752559 -0.0849477 0.1378691 0.1950532 0.1659074 0.1835913 0.1584390 0.2147386 -0.1107110 0.2192607 0.1551981 0.1558618 0.2044341 -0.0692261 0.1862183 -0.1064816 0.2172994 0.1253147 -0.1138847 0.1778970 -0.0770481 0.0776818 0.1534866 0.1539774 0.1444037 0.1561565 0.1380020 0.1437242 -0.0768530 -0.1102788 0.1046661 -0.0841588 -0.0677173 -0.1049459 0.0601803 0.1412875 -0.1028446 0.0920654 0.1124713 0.0913710 0.1304531 -0.1196528 -0.0825181 0.0955628 0.0664994 0.0470831 -0.0829553 -0.1292498 -0.1072842 0.0958619 -0.0923586 -0.0711993 0.0750458 0.0854827 -0.0637528 0.0808797 -0.0941364 -0.0963353 -0.0350299 -0.0657988 -0.0892865 -0.0333276 -0.0649033 0.1207498 -0.0993508 -0.0807169 0.0815459 0.1351772 -0.0800282 -0.0680761 -0.0661894 -0.0580414 0.1325778 -0.0612242 0.1335675 -0.0715838 0.1059160 0.0315173 -0.0588062 -0.0793864 -0.0352787 -0.0639882 0.1062415 -0.0606244 0.1297720 0.1205579
0.0449059 -0.0846673 0.0869699 -0.0565626 0.0920974 0.1015653 -0.0555995 -0.0710313 0.0690111 -0.0570649 -0.0645336 -0.0883449 0.1791713 1.1377647 0.1443300 0.1615441 0.1538928 0.1662790 -0.0567751 -0.0734142 -0.0561208 -0.0399488 -0.1046978 -0.0726197 -0.0867786 -0.0612502 -0.0759036 -0.0807959 -0.0745438 -0.0795087 -0.0195634 0.0182916 -0.0433268 -0.0617055 -0.0732194 -0.0905444 0.0726988 -0.0638214 -0.0699163 -0.0598411 -0.0500080 -0.0980421 -0.0906110 -0.0635100 -0.0473816 -0.1152578 -0.0310730 0.1116095 0.1360418 -0.0245596 -0.1088892 -0.0554451 -0.0720285 0.0955056 0.0899449 0.1048431 -0.0637792 -0.0484567 -0.1038317 -0.0899501 -0.0750469 -0.0743776 -0.0905280 -0.0860232 0.0889558 -0.0705143 -0.1006954 0.1067876 -0.1222165 -0.0263933 0.1095471 -0.0479927 -0.0351160 -0.0842112 -0.0588317 -0.0590204 -0.0490799 -0.0547503 -0.0576375 0.1359033 0.0747837 -0.0571672 -0.0418964 -0.0630274 -0.0506701 -0.0284113 -0.0737911 -0.0332924 -0.0328777 -0.0556035 -0.0539800 0.1834772 -0.0434540 -0.0332450 -0.0704650 -0.0683655 -0.0595689 -0.0961132 0.1016192 -0.0877187 0.1605987 0.0636379 0.1421766 -0.0300989 0.1127381 -0.0607869 0.1627523 -0.0702827 0.1780957 -0.1195925 0.1331995 0.1952136 -0.0842657 0.1371893 0.1684286 0.1954071 0.1642608 0.1637159 0.1725117 -0.0939481 0.2073776 0.1741348 0.1683655 0.1991263 -0.0741353 0.1971208 -0.0962676 0.2229718 0.1178565 -0.0730588 0.1306695 -0.0745919 0.0755583 0.1491734 0.1387716 0.1366078 0.1343360 0.1176941 0.1457352 -0.0567740 -0.1020919 0.0917615 -0.0761488 -0.0502217 -0.0942862 0.0322424 0.1500379 -0.0949233 0.0835758 0.1061354 0.0853558 0.1389693 -0.1119406 -0.0891159 0.0704964 0.0515820 0.0600166 -0.1026830 -0.1432767 -0.0884062 0.0846261 -0.1121233 -0.0976937 0.0521809 0.0792931 -0.0728260 0.0550928 -0.0974865 -0.0817378 -0.0470568 -0.0142373 -0.0678433 -0.0814733 -0.0674635 0.0726389 -0.0708140 -0.0700999 0.0978973 0.0870559 -0.0715509 -0.0729739 -0.0710927 -0.0122581 0.0679048 -0.0399781 0.1326147 -0.0318351 0.1101110 -0.0247496 -0.0706464 -0.0691282 -0.0268518 -0.0618230 0.0859203 -0.0673512 0.1285796 0.0781428
0.0676876 -0.0644696 0.0895239 -0.0319712 0.0983703 0.0935944 -0.0256237 -0.0268793 0.0646222 -0.0460546 -0.0389685 -0.0675980 0.1928824 0.1443300 1.0969721 0.2655664 0.1432352 0.2079063 -0.0407207 -0.0831506 -0.0353295 -0.0614193 -0.0671017 -0.0457307 -0.0475237 -0.0308460 -0.0384698 -0.0579939 -0.0372655 -0.0607719 0.0400581 0.0098284 -0.0203714 -0.0375827 -0.0739531 -0.0631095 0.1036150 -0.0627887 -0.0299754 -0.0288719 -0.0269949 -0.0677830 -0.1107180 -0.0752790 -0.0991849 -0.1147035 -0.0730466 0.1041050 0.1074632 -0.0740883 -0.1163818 -0.0703384 -0.0659725 0.0867040 0.1106546 0.1146706 -0.0915166 -0.0919279 -0.1013809 -0.0975242 -0.1101474 -0.0817768 -0.0661176 -0.0976980 0.1545829 -0.0843289 -0.1149327 0.0997048 -0.1282681 -0.0918078 0.1169249 -0.0552107 -0.0636752 -0.1200792 -0.0862053 -0.0793713 -0.0881206 -0.0406719 -0.0745811 0.1265126 0.0605302 -0.0844210 -0.0358572 -0.0831873 -0.0975017 -0.0727783 -0.0788021 -0.0201802 -0.0520306 -0.0814377 -0.0254307 0.1063084 -0.0445459 -0.0734180 -0.0956413 -0.0469098 -0.0397358 -0.0715064 0.0805727 -0.0933499 0.1714743 0.0783934 0.1467302 -0.0335514 0.1397951 -0.0719709 0.1890588 -0.1035049 0.1891449 -0.0918830 0.1441162 0.1654294 -0.0559433 0.1529760 0.1868783 0.1869638 0.1790898 0.1645430 0.1871016 -0.0919398 0.2144517 0.1693797 0.1276025 0.2531744 -0.0546378 0.2233522 -0.0913151 0.2386769 0.1479351 -0.0956458 0.1395048 -0.0838780 0.0687192 0.1707823 0.1604901 0.1355717 0.1430291 0.1418254 0.1388338 -0.0603440 -0.0962609 0.1208471 -0.0603365 -0.0209980 -0.0803087 0.0478625 0.1226204 -0.0860238 0.0873168 0.1242732 0.0950753 0.1548548 -0.1111923 -0.0635924 0.0617455 0.0559310 0.0746991 -0.0802092 -0.0893230 -0.0726854 0.0637064 -0.0808004 -0.0614291 0.0748779 0.0942818 -0.0542878 0.0630290 -0.1093575 -0.0865873 -0.0663190 -0.0586724 -0.1145648 -0.0617500 -0.1036465 0.0908942 -0.0966141 -0.1011030 0.0743620 0.0885520 -0.0892271 -0.1036172 -0.0796874 -0.0760583 0.0648197 -0.0780940 0.0940223 -0.0759308 0.0870257 0.0088958 -0.0752287 -0.1117666 -0.0468249 -0.1027648 0.0788307 -0.0838798 0.0993453 0.0666592
0.0698523 -0.0792104 0.0969459 -0.0326908 0.1067380 0.1265240 -0.0574003 -0.0486264 0.0609390 -0.0619663 -0.0399039 -0.0587198 0.2095747 0.1615441 0.2655664 1.1834204 0.1548604 0.2003215 -0.0061638 -0.0822820 -0.0061033 -0.0695201 -0.0672886 -0.0545662 -0.0572340 -0.0188720 -0.0400675 -0.0517687 -0.0375969 -0.0663654 0.0213296 -0.0054321 -0.0284548 -0.0534035 -0.0557074 -0.0843656 0.1113960 -0.0578857 -0.0506968 -0.0070870 -0.0273258 -0.0592726 -0.1095127 -0.0989164 -0.1207451 -0.1433340 -0.0881599 0.0990439 0.1334545 -0.0842192 -0.1385560 -0.0876070 -0.0931764 0.0463986 0.1237164 0.1235077 -0.0751773 -0.1025200 -0.1127381 -0.1206789 -0.1119578 -0.1088098 -0.0936243 -0.0955216 0.0994689 -0.0979331 -0.1405472 0.0924844 -0.1376746 -0.1066013 0.1414004 -0.0713427 -0.0816338 -0.1396739 -0.0857296 -0.0859968 -0.1147878 -0.0505005 -0.0652076 0.1514244 0.1111847 -0.1044916 -0.0585071 -0.0558282 -0.1040920 -0.0580671 -0.0956930 -0.0563421 -0.0587051 -0.0839765 -0.0501580 0.1485802 -0.0524088 -0.0808771 -0.1116207 -0.0684061 -0.0498403 -0.0858238 0.0950468 -0.0970877 0.1947910 0.0909878 0.1801026 -0.0376255 0.1266954 -0.0727949 0.2182160 -0.1236110 0.2204232 -0.1018560 0.1722490 0.2111890 -0.0565333 0.1764216 0.2466972 0.2127817 0.2001293 0.1898576 0.2204546 -0.1057770 0.2199283 0.1723153 0.1539492 0.2516764 -0.0519839 0.2281590 -0.0768595 0.2457033 0.1694374 -0.0995242 0.1741952 -0.0771201 0.0754092 0.1795088 0.1711092 0.1747414 0.1755384 0.1710448 0.1584729 -0.0568053 -0.0988177 0.1439847 -0.0495494 -0.0411388 -0.0852712 0.0291125 0.1474320 -0.0967764 0.0780644 0.1378540 0.1043472 0.1548399 -0.1303860 -0.0734967 0.0308646 0.0637005 0.0625461 -0.0802444 -0.0943814 -0.0899145 0.0601811 -0.0777531 -0.0846727 0.0879894 0.1211101 -0.0444388 0.0759458 -0.1203264 -0.0981915 -0.0493735 -0.0814223 -0.1076077 -0.1026566 -0.1042725 0.0986669 -0.1097128 -0.1164641 0.0674384 0.0819499 -0.1032984 -0.0774165 -0.0959125 -0.0814558 0.0693044 -0.0943662 0.0910500 -0.0904979 0.0993519 0.0103714 -0.1113565 -0.1167499 -0.0134151 -0.1261909 0.0901678 -0.0846263 0.0836932 0.0697983
0.1689541 -0.0783301 0.1644383 -0.0969860 0.1752647 0.1436018 -0.0541649 -0.0958494 0.1368340 -0.0606255 -0.0746216 -0.0889722 0.1745044 0.1538928 0.1432352 0.1548604 0.9634073 0.1222747 -0.0788627 -0.1001069 -0.0100980 -0.0870919 -0.0904932 -0.0694153 -0.0774781 -0.0566072 -0.0737099 -0.0720841 -0.0614857 -0.0866668 0.0186641 -0.0151581 -0.0444132 -0.0767629 -0.0781975 -0.1028886 0.1267250 -0.0655683 -0.0575069 -0.0632141 -0.0483410 -0.0928779 -0.0873920 -0.0526932 -0.0750701 -0.1117231 -0.0534469 0.0974247 0.1066630 -0.0687387 -0.1173417 -0.0792093 -0.0689866 0.0882364 0.1635244 0.1037238 -0.1000861 -0.1007822 -0.1175049 -0.0773065 -0.1164968 -0.0814653 -0.0963719 -0.0745950 0.1345502 -0.0916165 -0.1077118 0.1030736 -0.1265296 -0.0647512 0.1079286 -0.0839492 -0.0761328 -0.1365768 -0.1105951 -0.0855253 -0.1210807 -0.1104671 -0.1159919 0.0994891 0.0413174 -0.1163193 -0.0809130 -0.0918720 -0.1095894 -0.0882967 -0.0931307 -0.0908220 -0.0821711 -0.1102892 -0.0795747 0.0883317 -0.0919979 -0.1134887 -0.1202473 -0.1152607 -0.0863588 -0.0763372 0.1970800 -0.0946686 0.1783338 0.1652485 0.1663357 -0.0471229 0.1516241 -0.0898885 0.2095994 -0.1111422 0.1519419 -0.0930830 0.1652270 0.1746396 -0.0721691 0.1728583 0.1994690 0.1608281 0.1798283 0.1371083 0.1909943 -0.1086242 0.1924926 0.1612270 0.1009684 0.1662451 -0.0815464 0.1731337 -0.1117381 0.1974660 0.1429830 -0.1078534 0.1522346 -0.0881378 0.1828420 0.1612499 0.1634516 0.1499042 0.1659193 0.1471766 0.1222357 -0.0801135 -0.0777861 0.1560860 -0.0899481 -0.0424755 -0.0805467 0.1407263 0.1877611 -0.0714285 0.1642316 0.1522033 0.1806039 0.1702926 -0.1151441 -0.0877046 0.1758199 0.1612705 0.1641345 -0.0747345 -0.1018808 -0.0872720 0.1463962 -0.0763094 -0.0616920 0.1736934 0.1496358 -0.0685601 0.1309730 -0.1078515 -0.1104330 -0.0463325 -0.0586670 -0.1097287 -0.1008951 -0.1015810 0.1164100 -0.1128385 -0.1232482 0.1029320 0.1651260 -0.0993750 -0.0876129 -0.1022668 -0.0756099 0.1270600 -0.0931615 0.1187328 -0.0966659 0.1256223 -0.0512729 -0.0802114 -0.1256329 -0.0444778 -0.1002371 0.1323603 -0.0973482 0.1335881 0.1095877
0.0608646 -0.0830500 0.0952131 -0.0403547 0.0908882 0.0982630 -0.0446611 -0.0594408 0.0451325 -0.0521220 -0.0533762 -0.0740246 0.2014921 0.1662790 0.2079063 0.2003215 0.1222747 1.1321821 -0.0559260 -0.0940213 -0.0363614 -0.0708665 -0.0640439 -0.0575681 -0.0661916 -0.0219458 -0.0538719 -0.0627378 -0.0472064 -0.0635433 0.0024105 -0.0067609 -0.0487279 -0.0580801 -0.0700538 -0.0958069 0.0908011 -0.0705834 -0.0378180 -0.0467732 -0.0499111 -0.0800696 -0.0940057 -0.0627188 -0.0765776 -0.1107211 -0.0575768 0.1219661 0.1487600 -0.0407931 -0.1159073 -0.0687092 -0.0548098 0.0949514 0.1265910 0.1364382 -0.0821593 -0.0745068 -0.0776657 -0.0966283 -0.0847329 -0.0877992 -0.0553889 -0.0821463 0.1511826 -0.0758688 -0.1097634 0.1250994 -0.1108193 -0.0670687 0.1291915 -0.0582937 -0.0603735 -0.1214093 -0.0932436 -0.0790673 -0.0957080 -0.0654349 -0.0924551 0.1328781 0.0747655 -0.0868858 -0.0637263 -0.0993180 -0.0991609 -0.0581202 -0.0921845 -0.0548269 -0.0583977 -0.0894803 -0.0405821 0.1455186 -0.0417562 -0.0753360 -0.1004932 -0.0620094 -0.0698667 -0.0887024 0.0942629 -0.0814172 0.1994550 0.0891359 0.1552969 -0.0393141 0.1290999 -0.0643866 0.1761755 -0.1001973 0.1995520 -0.1081125 0.1532285 0.1873489 -0.0625062 0.1531564 0.1900145 0.1777795 0.1754308 0.1800536 0.1961342 -0.1031488 0.2035581 0.1502984 0.1508593 0.2197630 -0.0481419 0.2005944 -0.0879050 0.2300814 0.1579248 -0.0914953 0.1765827 -0.0828345 0.0683812 0.1540318 0.1555121 0.1418592 0.1538565 0.1639917 0.1601708 -0.0618285 -0.0872438 0.1176892 -0.0760608 -0.0518783 -0.0841771 0.0509300 0.1399372 -0.0938572 0.0860970 0.1282282 0.0966459 0.1627219 -0.1215384 -0.0520289 0.0650962 0.0517330 0.0539281 -0.0591051 -0.1160164 -0.0858939 0.0555437 -0.0806530 -0.0784014 0.0816055 0.1060841 -0.0709461 0.0819160 -0.0993619 -0.0753992 -0.0380894 -0.0742664 -0.1015601 -0.0682691 -0.1071941 0.0885400 -0.1181595 -0.1039045 0.0906314 0.1008402 -0.0989598 -0.0902190 -0.0948817 -0.0471297 0.0781377 -0.0753530 0.1072147 -0.0974455 0.0989235 -0.0066770 -0.0786204 -0.1003960 -0.0262696 -0.1066525 0.0798908 -0.0748192 0.1114731 0.0843556
-0.1018892 0.0421444 -0.0838522 0.0684864 -0.0725823 -0.0779750 0.0461859 0.0457920 -0.1036732 0.0366596 0.0715756 0.1255993 -0.0389764 -0.0567751 -0.0407207 -0.0061638 -0.0788627 -0.0559260 1.0499697 0.0723178 0.0387870 0.0800297 0.0517027 0.0761821 0.0319153 0.1226311 0.1027613 0.0520569 0.0765076 0.0554005 0.0154631 0.0133415 0.0717782 0.0691221 0.1305825 0.0520569 -0.0452240 0.0678065 0.0327232 0.0318319 0.0739119 0.0831323 -0.0062636 -0.0395103 -0.0358669 0.0279168 -0.0426460 -0.1064609 -0.0981823 -0.0418845 0.0181986 -0.0320710 -0.0585358 -0.0986178 -0.0904451 -0.0863106 -0.0244907 0.0032281 -0.0493576 -0.0135239 0.0145527 -0.0230436 -0.0223068 -0.0192057 -0.1044793 -0.0040036 -0.0063734 -0.0829253 0.0066714 -0.0275972 -0.0831363 0.0903229 0.0243775 0.0557483 0.0690770 0.0241967 0.0688014 0.0748118 0.0856444 -0.0503894 -0.0029640 0.0298370 0.0830437 0.1198647 0.0796683 0.1044965 0.0675947 0.1408080 0.0538828 0.1201263 0.0846072 -0.0393823 0.0730075 0.0459136 0.0312650 0.0419778 0.0627306 0.0700883 -0.0917452 0.0740028 -0.0798232 -0.0926887 -0.0749029 0.0366428 -0.0822273 0.0950426 -0.0628659 0.1037704 -0.0586883 0.0887193 -0.0554976 -0.0396395 0.0691230 -0.0632263 -0.0677137 -0.0617828 -0.0662781 -0.0355972 -0.0531614 0.0812523 -0.0547378 -0.0446235 -0.0493483 -0.0300981 0.1049271 -0.0400638 0.1376804 -0.0597213 -0.0257523 0.0867311 -0.0588378 0.0653167 -0.1133567 -0.0511343 -0.0613442 -0.0486046 -0.0679284 -0.0505378 -0.0482772 0.0444033 0.0478790 -0.0398206 0.0595379 0.0292493 0.0670850 -0.1034557 -0.0899872 0.0639786 -0.0989418 -0.0636149 -0.0875885 -0.0731526 0.0990308 0.0204013 -0.0923014 -0.1105626 -0.0927273 0.0291181 0.0695948 0.0350762 -0.0732181 0.0416257 0.0342635 -0.1185439 -0.0845532 0.1276820 -0.0862316 0.0492177 0.0354130 -0.0509546 0.0079019 0.0134283 0.0273045 -0.0148584 -0.0581332 -0.0132248 0.0113134 -0.0525020 -0.1079248 0.0111271 -0.0156499 0.0057285 0.0213408 -0.0841215 -0.0392715 -0.0925690 0.0194331 -0.1062518 -0.0139368 0.0043993 0.0130999 -0.0152561 -0.0256373 -0.0853733 0.0209413 -0.0738891 -0.0716797
