0.000000	0.275434	0.215361	0.281996	0.226461	0.224930	0.265320	0.278977	0.207789	0.263702	0.266854	0.283019	0.255345	0.256858	0.245280	0.248776	0.229551	0.239488	0.283568	0.283502	0.256718	0.271149	0.278542	0.270367	0.272176	0.273631	0.279509	0.275165	0.279141	0.269824	0.248237	0.272304	0.278356	0.279325	0.277865	0.277019	0.265273	0.274755	0.225737	0.271763	0.274177	0.262860	0.264061	0.273603	0.294979	0.266839	0.283066	0.286012	0.265327	0.264384	0.245954	0.274310	0.292604	0.275959	0.277268	0.247107	0.249679	0.258987	0.278187	0.285972	0.281735	0.297596	0.297171	0.272219	0.277501	0.283211	0.245326	0.283765	0.293807	0.245321	0.294501	0.273726	0.274868	0.274412	0.238405	0.300377	0.264562	0.302736	0.298307	0.290984	0.313329	0.305681	0.299295	0.258888	0.276704	0.296849	0.286717	0.306923	0.296131	0.296395	0.293320	0.305479	0.298279	0.310051	0.287765	0.259664	0.294277	0.284625	0.297803	0.287023	0.275914	0.293765	0.279274	0.227664	0.281948	0.252149	0.229032	0.242579	0.281163	0.221486	0.286479	0.276400	0.259875	0.301182	0.257129	0.302144	0.235721	0.266738	0.258554	0.229683	0.265443	0.252650	0.249312	0.251311	0.248423	0.245255	0.244784	0.287749	0.245457	0.245870	0.256020	0.242228	0.252301	0.285165	0.246377	0.305427	0.232270	0.259416	0.288247	0.248783	0.269632	0.232707	0.253670	0.241051	0.232460	0.243604	0.242295	0.250769	0.281484	0.225053	0.276707	0.255963	0.278120	0.257998	0.275362	0.212561	0.239664	0.277285	0.239163	0.237085	0.238408	0.241398	0.263538	0.243249	0.323881	0.268397	0.232713	0.220015	0.214595	0.272312	0.285696	0.274256	0.226966	0.277870	0.276204	0.221774	0.226086	0.293128	0.228335	0.284109	0.277584	0.279805	0.270225	0.275853	0.281106	0.283559	0.284953	0.281607	0.240996	0.289247	0.276082	0.251040	0.234884	0.283171	0.286371	0.279887	0.271560	0.237584	0.240653	0.239056	0.269474	0.248221	0.281279	0.235999	0.266156	0.266297	0.282157	0.264581	0.278417	0.246937	0.243588	0.243906	0.284648	0.242571	0.248343	
0.275434	0.000000	0.266103	0.252763	0.269126	0.262046	0.267001	0.251575	0.270614	0.241883	0.259353	0.250130	0.285440	0.286475	0.276207	0.281828	0.279336	0.283248	0.266808	0.278608	0.253918	0.267205	0.253957	0.255432	0.263613	0.261785	0.259877	0.256045	0.267128	0.255895	0.248607	0.250538	0.269195	0.264511	0.264647	0.263830	0.257349	0.259174	0.270370	0.260315	0.259030	0.253735	0.255857	0.259324	0.281867	0.271469	0.278317	0.282928	0.266783	0.284004	0.267237	0.273870	0.271147	0.275129	0.274801	0.272936	0.281488	0.291943	0.277835	0.275702	0.271263	0.276036	0.282691	0.273612	0.270448	0.273414	0.284316	0.265295	0.267411	0.282465	0.273230	0.274841	0.265499	0.272214	0.267904	0.263501	0.270730	0.283888	0.263196	0.272576	0.285948	0.283658	0.270412	0.283045	0.286508	0.268899	0.262789	0.286442	0.276218	0.280217	0.275369	0.270565	0.267256	0.281025	0.275873	0.283824	0.276725	0.265745	0.275465	0.270843	0.272426	0.270090	0.265379	0.282254	0.266174	0.280926	0.278161	0.273973	0.259383	0.256534	0.259117	0.263149	0.316589	0.278240	0.289525	0.280385	0.276741	0.303379	0.301126	0.287297	0.252021	0.298118	0.281383	0.280737	0.275170	0.277872	0.292317	0.261280	0.275127	0.280558	0.280639	0.290467	0.291106	0.270923	0.292769	0.272835	0.281760	0.275362	0.255793	0.285124	0.248058	0.286673	0.284968	0.269500	0.268585	0.284138	0.274155	0.271041	0.259769	0.276864	0.251869	0.310811	0.264894	0.238669	0.245411	0.268300	0.280149	0.260638	0.272457	0.268265	0.277246	0.278879	0.315009	0.285249	0.269282	0.258918	0.277487	0.274579	0.278137	0.257329	0.260228	0.245779	0.272518	0.239002	0.255068	0.278396	0.274021	0.253822	0.269719	0.268145	0.263881	0.278779	0.277765	0.282874	0.276849	0.278564	0.277160	0.278085	0.272958	0.271367	0.273412	0.287861	0.273831	0.277179	0.276057	0.278364	0.272549	0.278095	0.279188	0.275029	0.283349	0.288941	0.272047	0.272952	0.263580	0.271468	0.264994	0.267392	0.278492	0.288549	0.278124	0.287030	0.267796	0.279180	0.276741	
0.215361	0.266103	0.000000	0.276354	0.220871	0.212091	0.263868	0.268729	0.222694	0.256106	0.262922	0.279483	0.240571	0.242370	0.240726	0.238635	0.222400	0.234614	0.275074	0.272461	0.249803	0.268892	0.282490	0.262429	0.264047	0.256779	0.265938	0.268143	0.270193	0.267813	0.246020	0.248996	0.271005	0.271120	0.268225	0.271056	0.262475	0.263628	0.225948	0.267004	0.263645	0.256375	0.250391	0.265442	0.288803	0.262191	0.280102	0.285146	0.260441	0.249357	0.242979	0.272109	0.288393	0.279353	0.263698	0.239091	0.234184	0.255030	0.279732	0.272370	0.284513	0.289723	0.294357	0.261189	0.271582	0.281005	0.232568	0.278832	0.295489	0.246571	0.284962	0.277482	0.279310	0.282256	0.223607	0.287010	0.273236	0.299085	0.297382	0.279607	0.303493	0.293331	0.305563	0.249500	0.267125	0.294641	0.278495	0.295282	0.290191	0.294140	0.295316	0.278368	0.274133	0.308299	0.279532	0.255462	0.288471	0.284938	0.295010	0.286399	0.277872	0.286176	0.285060	0.235604	0.273458	0.231655	0.233797	0.229179	0.269086	0.221385	0.273585	0.269579	0.261792	0.302696	0.251420	0.286048	0.235189	0.260964	0.250515	0.236683	0.269310	0.248281	0.246600	0.239008	0.238709	0.239544	0.235252	0.279465	0.228135	0.233515	0.250111	0.234414	0.245509	0.278378	0.240990	0.297891	0.231414	0.244589	0.283499	0.221197	0.269293	0.233184	0.236277	0.229480	0.225404	0.230904	0.237558	0.244732	0.269966	0.233732	0.257057	0.264637	0.274403	0.248189	0.269280	0.221430	0.237551	0.284368	0.230255	0.227868	0.222120	0.251663	0.264624	0.242542	0.315709	0.266291	0.228750	0.227319	0.230132	0.269946	0.278516	0.268193	0.218645	0.270852	0.269221	0.224302	0.223817	0.283245	0.224077	0.270912	0.279989	0.277676	0.266606	0.271197	0.265722	0.271818	0.276942	0.277264	0.228753	0.283301	0.271084	0.244012	0.229132	0.260779	0.280068	0.277741	0.268743	0.238220	0.239578	0.237391	0.273171	0.247533	0.274510	0.230372	0.256787	0.266316	0.270405	0.267264	0.278820	0.247164	0.241823	0.247969	0.277051	0.241048	0.238722	
0.281996	0.252763	0.276354	0.000000	0.281552	0.267841	0.263151	0.252846	0.279525	0.257136	0.253497	0.268917	0.276704	0.294526	0.281900	0.279427	0.285732	0.283800	0.268858	0.275627	0.263471	0.272225	0.259922	0.256447	0.268314	0.264000	0.266122	0.261294	0.275083	0.260181	0.251316	0.250098	0.263677	0.264897	0.272994	0.268124	0.265434	0.264825	0.274395	0.272662	0.263632	0.256978	0.268914	0.262087	0.290807	0.275738	0.287719	0.277642	0.267939	0.285528	0.283188	0.287157	0.272134	0.267445	0.282354	0.273849	0.289704	0.290776	0.282560	0.282960	0.275769	0.291727	0.284800	0.267569	0.270737	0.273547	0.291825	0.283545	0.276440	0.293433	0.290854	0.272052	0.273200	0.272321	0.281553	0.278027	0.263221	0.281498	0.268890	0.281613	0.259719	0.262659	0.278107	0.290886	0.297936	0.284699	0.270954	0.273474	0.264807	0.299006	0.275854	0.279132	0.284857	0.286680	0.283956	0.289143	0.277248	0.266921	0.284114	0.276248	0.269285	0.271524	0.261624	0.290412	0.268088	0.291769	0.286090	0.282572	0.276205	0.275030	0.267745	0.268015	0.316543	0.291942	0.292022	0.285000	0.275021	0.307832	0.300652	0.292955	0.253853	0.310180	0.299654	0.271614	0.285522	0.288097	0.301726	0.264768	0.287456	0.288448	0.281202	0.293199	0.290720	0.262458	0.296727	0.281307	0.297554	0.281281	0.270320	0.286287	0.256506	0.287202	0.282373	0.273653	0.268234	0.285568	0.280724	0.274160	0.264471	0.296188	0.265781	0.302315	0.258906	0.251909	0.262718	0.289998	0.278527	0.258126	0.285647	0.282588	0.289523	0.289368	0.335125	0.290397	0.299033	0.263228	0.293060	0.283495	0.287678	0.254649	0.254450	0.257991	0.283210	0.252868	0.258065	0.282961	0.281782	0.266337	0.281673	0.268534	0.259753	0.278636	0.276322	0.280424	0.284145	0.281574	0.271738	0.278249	0.280100	0.260109	0.266527	0.287471	0.280741	0.254453	0.274833	0.255925	0.270725	0.288357	0.286934	0.293620	0.281205	0.297245	0.268035	0.282819	0.269921	0.266482	0.261209	0.272110	0.276145	0.285803	0.282047	0.283299	0.266858	0.291487	0.282704	
0.226461	0.269126	0.220871	0.281552	0.000000	0.231784	0.267021	0.283893	0.229046	0.278148	0.276707	0.292403	0.246093	0.262959	0.241353	0.252071	0.238065	0.252603	0.281324	0.285821	0.262368	0.285589	0.284531	0.279922	0.275992	0.271023	0.291344	0.271555	0.276207	0.273424	0.262042	0.261740	0.277839	0.278875	0.279358	0.283049	0.283024	0.281094	0.228974	0.275143	0.282145	0.269733	0.266870	0.278733	0.298450	0.278551	0.295272	0.297220	0.274796	0.266444	0.252228	0.283609	0.295970	0.288408	0.279936	0.253154	0.254746	0.269016	0.288746	0.291590	0.289229	0.297663	0.308242	0.284484	0.285197	0.297144	0.258666	0.283719	0.305829	0.259968	0.309322	0.289442	0.290723	0.293425	0.251676	0.283585	0.280384	0.307566	0.301513	0.289168	0.303616	0.300638	0.298301	0.256553	0.272396	0.299128	0.282845	0.307260	0.306772	0.301056	0.304881	0.290284	0.298597	0.308561	0.297028	0.275490	0.299548	0.288080	0.303102	0.293548	0.285394	0.297937	0.284091	0.232925	0.284938	0.243411	0.247081	0.242329	0.278410	0.224213	0.291503	0.291502	0.252329	0.304076	0.262642	0.292089	0.255534	0.274151	0.249506	0.235127	0.277853	0.259400	0.240287	0.252171	0.256854	0.253473	0.243769	0.290719	0.238692	0.251804	0.254459	0.240733	0.262287	0.290098	0.248990	0.311932	0.242038	0.249418	0.290969	0.244714	0.280337	0.228499	0.246077	0.250068	0.238120	0.240470	0.239253	0.264001	0.278784	0.169940	0.281216	0.247615	0.277928	0.257207	0.285905	0.230782	0.237972	0.277978	0.235913	0.237756	0.233793	0.247725	0.259226	0.256828	0.326754	0.272289	0.241010	0.229018	0.227772	0.282506	0.286814	0.278406	0.227361	0.285434	0.274372	0.228810	0.236487	0.297163	0.243217	0.282799	0.287210	0.286449	0.282780	0.288026	0.280693	0.300122	0.291049	0.294542	0.246161	0.302799	0.285551	0.259319	0.245876	0.283134	0.296680	0.284593	0.280534	0.247288	0.248499	0.249422	0.286315	0.259351	0.288532	0.242448	0.271888	0.282029	0.285877	0.283799	0.294095	0.259633	0.265119	0.266014	0.290985	0.254304	0.255728	
0.224930	0.262046	0.212091	0.267841	0.231784	0.000000	0.260662	0.275016	0.223671	0.273213	0.268185	0.271377	0.241459	0.246774	0.242684	0.235326	0.237413	0.242272	0.274825	0.283306	0.251704	0.270740	0.274557	0.262826	0.267357	0.270295	0.274037	0.265671	0.275493	0.265741	0.256035	0.255559	0.278437	0.267569	0.270593	0.266288	0.273367	0.263067	0.233975	0.266278	0.267935	0.249834	0.263478	0.274735	0.285769	0.264415	0.287043	0.288661	0.260193	0.246058	0.234560	0.260922	0.276590	0.276527	0.263027	0.229195	0.243751	0.251601	0.273176	0.275141	0.285477	0.292078	0.292600	0.262944	0.266921	0.272966	0.242440	0.284366	0.290205	0.258510	0.290116	0.270849	0.273253	0.269720	0.234013	0.292441	0.266604	0.293853	0.296025	0.283295	0.296958	0.294580	0.297451	0.245963	0.261876	0.287537	0.278370	0.286553	0.290628	0.293066	0.283787	0.302940	0.283156	0.291769	0.279783	0.257995	0.287084	0.272396	0.296933	0.297302	0.282450	0.284099	0.277475	0.227055	0.265054	0.243712	0.234642	0.235490	0.265585	0.219059	0.281850	0.268399	0.256826	0.291690	0.246898	0.297677	0.254503	0.271798	0.235677	0.245992	0.283983	0.237579	0.246665	0.253104	0.237021	0.248589	0.236872	0.270930	0.233424	0.244451	0.244778	0.250769	0.247455	0.269764	0.247338	0.295527	0.242942	0.241969	0.277445	0.228506	0.274123	0.235979	0.245802	0.243835	0.234542	0.237599	0.238899	0.237824	0.268832	0.244561	0.271951	0.254125	0.275968	0.253980	0.269607	0.231199	0.219656	0.278983	0.233825	0.230713	0.225552	0.247035	0.293458	0.243290	0.329141	0.269690	0.229498	0.227211	0.231677	0.276969	0.280388	0.271644	0.218139	0.275143	0.268566	0.226007	0.226420	0.280558	0.227648	0.280106	0.268624	0.270906	0.260913	0.264892	0.269388	0.281486	0.275693	0.278613	0.237240	0.289386	0.268732	0.253912	0.236417	0.284190	0.280785	0.267340	0.263674	0.238452	0.235630	0.240188	0.266750	0.251843	0.267323	0.237434	0.260710	0.268081	0.265661	0.262037	0.272539	0.242953	0.245974	0.244858	0.277361	0.243029	0.246502	
0.265320	0.267001	0.263868	0.263151	0.267021	0.260662	0.000000	0.243124	0.263661	0.248497	0.247516	0.264675	0.268842	0.280958	0.265013	0.272121	0.270775	0.260409	0.258426	0.272673	0.249405	0.264287	0.256364	0.253922	0.249669	0.261382	0.268684	0.249211	0.260780	0.254472	0.246572	0.244714	0.261972	0.254173	0.262766	0.253811	0.261724	0.262683	0.268979	0.248390	0.258061	0.254989	0.261591	0.247440	0.275078	0.259691	0.276463	0.265894	0.261199	0.280262	0.263810	0.264765	0.262482	0.265543	0.260676	0.267313	0.266549	0.280530	0.267818	0.261686	0.279042	0.272153	0.283854	0.260788	0.274383	0.267849	0.271943	0.272458	0.282040	0.281838	0.274665	0.274985	0.265534	0.273855	0.273602	0.272346	0.262165	0.280885	0.269830	0.281909	0.277357	0.281522	0.281187	0.265777	0.282989	0.272808	0.269331	0.275199	0.287777	0.284453	0.273502	0.286854	0.280349	0.282143	0.281094	0.276333	0.273697	0.266698	0.289767	0.273681	0.266278	0.271366	0.245192	0.265821	0.251108	0.267193	0.271688	0.274865	0.264213	0.259612	0.260109	0.258427	0.290808	0.280853	0.278704	0.252565	0.280910	0.298377	0.286908	0.278598	0.256235	0.292116	0.278136	0.268553	0.266442	0.268574	0.271419	0.262509	0.264407	0.270981	0.274433	0.266044	0.281614	0.257475	0.270004	0.267214	0.265687	0.277778	0.266383	0.277770	0.253275	0.277160	0.289898	0.274443	0.266171	0.268464	0.269882	0.277743	0.263390	0.276245	0.252537	0.302855	0.244448	0.240404	0.242269	0.266721	0.266320	0.263191	0.269204	0.264979	0.265940	0.288736	0.320354	0.263223	0.293284	0.248694	0.272372	0.271161	0.269235	0.254492	0.259329	0.259575	0.258253	0.264571	0.252156	0.264441	0.265972	0.268146	0.270806	0.267645	0.258790	0.283628	0.281538	0.279541	0.266518	0.275765	0.269114	0.267341	0.271139	0.277481	0.266335	0.273086	0.271699	0.265280	0.276076	0.273477	0.270031	0.279620	0.278040	0.275793	0.274153	0.281109	0.266295	0.266100	0.263094	0.257800	0.273181	0.270938	0.275862	0.278580	0.266873	0.269376	0.268607	0.276903	0.275796	
0.278977	0.251575	0.268729	0.252846	0.283893	0.275016	0.243124	0.000000	0.269749	0.248131	0.241761	0.254468	0.278763	0.284129	0.271524	0.276708	0.284122	0.269078	0.252886	0.263708	0.257537	0.267076	0.261736	0.238685	0.258576	0.259978	0.249107	0.245922	0.262586	0.264357	0.253054	0.245683	0.252746	0.252583	0.254916	0.255088	0.253932	0.255699	0.274729	0.256193	0.261970	0.246371	0.257548	0.251298	0.281232	0.271335	0.288517	0.269998	0.266023	0.282910	0.267115	0.276337	0.278328	0.273248	0.274954	0.269714	0.281019	0.285984	0.275984	0.270493	0.285090	0.280511	0.281719	0.269718	0.270099	0.271041	0.284506	0.274701	0.277493	0.282216	0.273263	0.279783	0.281454	0.283976	0.272583	0.276844	0.266280	0.277710	0.275077	0.275004	0.275555	0.281743	0.283019	0.285814	0.300975	0.283280	0.275999	0.276138	0.273589	0.284435	0.270140	0.275755	0.269197	0.277758	0.261781	0.287378	0.269853	0.277838	0.278709	0.264361	0.274752	0.266788	0.246187	0.284386	0.255463	0.290271	0.288081	0.284592	0.274106	0.273815	0.247531	0.246384	0.303452	0.289506	0.291735	0.280276	0.292462	0.296668	0.292324	0.286532	0.252703	0.300888	0.290573	0.276919	0.277530	0.279457	0.289363	0.267695	0.280440	0.279355	0.286245	0.292137	0.287740	0.266637	0.285639	0.277866	0.283150	0.290220	0.261465	0.287730	0.252476	0.291160	0.285407	0.280887	0.273886	0.279534	0.283760	0.277287	0.254557	0.291359	0.253374	0.312775	0.238909	0.246138	0.240843	0.281270	0.295126	0.281787	0.284508	0.279973	0.294643	0.299709	0.333625	0.287854	0.288577	0.250815	0.280023	0.286366	0.280239	0.254828	0.257363	0.238770	0.275902	0.247493	0.247201	0.280123	0.279198	0.265710	0.288142	0.275934	0.258693	0.285896	0.283449	0.279757	0.276980	0.272675	0.268731	0.271001	0.274555	0.271660	0.264920	0.282433	0.282171	0.271895	0.277708	0.267498	0.277818	0.280247	0.281850	0.282763	0.277151	0.287705	0.271078	0.284204	0.268191	0.263195	0.270193	0.273141	0.275293	0.286862	0.277972	0.281316	0.269197	0.277344	0.272682	
0.207789	0.270614	0.222694	0.279525	0.229046	0.223671	0.263661	0.269749	0.000000	0.259316	0.267813	0.273548	0.240847	0.244871	0.240857	0.247234	0.234749	0.246047	0.275620	0.279016	0.248659	0.274685	0.271993	0.263624	0.264225	0.265558	0.276592	0.266416	0.264647	0.271444	0.244339	0.258172	0.268630	0.263887	0.261070	0.270116	0.265191	0.272962	0.227952	0.265020	0.270349	0.260104	0.258228	0.269131	0.294327	0.268758	0.290877	0.281275	0.265559	0.254827	0.240719	0.275427	0.293923	0.278133	0.270550	0.242766	0.243809	0.253996	0.278740	0.273592	0.291046	0.296118	0.295659	0.266838	0.274672	0.280495	0.241255	0.280314	0.299613	0.252775	0.297843	0.282184	0.280428	0.280322	0.239253	0.289199	0.266884	0.288956	0.299037	0.280741	0.307405	0.296378	0.296278	0.255682	0.270179	0.292196	0.284643	0.295137	0.300100	0.292949	0.291987	0.290354	0.289343	0.301686	0.287534	0.266269	0.296055	0.288204	0.291712	0.296720	0.279594	0.287014	0.273207	0.222589	0.277917	0.248642	0.226882	0.244251	0.274581	0.220904	0.287892	0.276501	0.263948	0.297995	0.255977	0.293235	0.238105	0.261072	0.260709	0.241466	0.264222	0.255388	0.239198	0.248918	0.242837	0.238520	0.240402	0.280179	0.233210	0.242852	0.256988	0.252049	0.242031	0.272317	0.243735	0.306221	0.241914	0.260924	0.287365	0.241312	0.277092	0.240931	0.268525	0.246274	0.224424	0.231362	0.240218	0.247503	0.278227	0.227194	0.272453	0.269576	0.269300	0.260357	0.273118	0.220747	0.245839	0.291526	0.228788	0.223990	0.235143	0.254133	0.288756	0.240902	0.326524	0.270141	0.223557	0.185630	0.207524	0.272310	0.281563	0.268068	0.222758	0.277514	0.267017	0.215666	0.228265	0.284021	0.232719	0.286941	0.275882	0.276142	0.276639	0.276276	0.274831	0.282987	0.281501	0.279392	0.236364	0.283118	0.273830	0.249628	0.232890	0.280580	0.285185	0.274494	0.271611	0.238777	0.237654	0.239228	0.279088	0.251392	0.271704	0.240006	0.263023	0.266530	0.275741	0.269521	0.278402	0.246188	0.245899	0.245809	0.277120	0.244547	0.246301	
0.263702	0.241883	0.256106	0.257136	0.278148	0.273213	0.248497	0.248131	0.259316	0.000000	0.243233	0.249265	0.275504	0.282578	0.261943	0.272279	0.270489	0.264982	0.260199	0.260538	0.241060	0.259182	0.249787	0.253165	0.240102	0.246040	0.243216	0.239980	0.250984	0.248019	0.243098	0.240862	0.257883	0.254016	0.258692	0.254767	0.231331	0.256371	0.260328	0.241179	0.256856	0.247066	0.248396	0.245919	0.267751	0.260389	0.272244	0.269468	0.260812	0.268047	0.261458	0.261753	0.264989	0.253229	0.262377	0.272759	0.274330	0.275766	0.264692	0.262287	0.272527	0.272375	0.271484	0.255011	0.261092	0.254909	0.264070	0.256685	0.261173	0.277323	0.266702	0.258668	0.255954	0.262863	0.258507	0.257189	0.256269	0.263141	0.268494	0.256808	0.275346	0.273882	0.270515	0.268833	0.277505	0.271560	0.266182	0.275838	0.278877	0.279208	0.272423	0.282568	0.254220	0.287192	0.273347	0.279288	0.266237	0.257670	0.271566	0.257115	0.260465	0.251800	0.257033	0.278231	0.246743	0.283408	0.270059	0.271022	0.261388	0.253492	0.268185	0.248626	0.304348	0.291390	0.287259	0.275692	0.275662	0.287532	0.283224	0.275969	0.164343	0.293739	0.276569	0.265249	0.269139	0.259881	0.276281	0.252959	0.269007	0.273854	0.270848	0.276533	0.274589	0.247850	0.282858	0.266111	0.278135	0.270226	0.263409	0.274089	0.246897	0.277673	0.288024	0.273995	0.255631	0.279854	0.276013	0.257760	0.247837	0.278209	0.249774	0.297443	0.245187	0.239538	0.236354	0.264268	0.293015	0.270383	0.258011	0.259791	0.259065	0.270391	0.312000	0.271867	0.296334	0.255498	0.270741	0.264349	0.263583	0.246635	0.261624	0.232597	0.267986	0.245386	0.256247	0.267542	0.266209	0.263089	0.271679	0.259729	0.258113	0.267596	0.267759	0.270565	0.269523	0.263970	0.262418	0.266080	0.263651	0.267043	0.258922	0.274673	0.262773	0.263775	0.266944	0.263673	0.260410	0.270085	0.272727	0.264636	0.267861	0.280264	0.260502	0.273178	0.254883	0.252339	0.257660	0.264536	0.274080	0.272649	0.256959	0.268125	0.259925	0.277791	0.267688	
0.266854	0.259353	0.262922	0.253497	0.276707	0.268185	0.247516	0.241761	0.267813	0.243233	0.000000	0.250167	0.282942	0.278812	0.274318	0.265973	0.277647	0.270247	0.252706	0.266481	0.231176	0.250274	0.237649	0.235037	0.237956	0.238197	0.242924	0.239370	0.251015	0.243423	0.244447	0.249320	0.246275	0.240402	0.247328	0.244423	0.244716	0.247160	0.263894	0.242467	0.260651	0.245225	0.248041	0.228565	0.276508	0.268752	0.289996	0.274481	0.269065	0.284550	0.270304	0.270828	0.274048	0.266998	0.270962	0.262898	0.274780	0.281080	0.274161	0.265050	0.276893	0.280280	0.275156	0.270664	0.266602	0.263026	0.273352	0.267911	0.281796	0.284269	0.278860	0.268325	0.271744	0.269527	0.264846	0.285306	0.249776	0.279728	0.278193	0.265640	0.275577	0.276227	0.268455	0.278310	0.297239	0.281658	0.279397	0.276618	0.293072	0.284892	0.264354	0.275972	0.272211	0.287716	0.274845	0.284892	0.264101	0.266699	0.284388	0.268363	0.263867	0.275456	0.244096	0.283931	0.264688	0.282258	0.277307	0.282916	0.285246	0.269887	0.268807	0.268220	0.300364	0.287498	0.291413	0.261250	0.272746	0.307004	0.297568	0.288390	0.248743	0.290312	0.276561	0.277348	0.272310	0.273977	0.290578	0.256785	0.272714	0.279543	0.279546	0.277475	0.282310	0.262345	0.292480	0.257691	0.280850	0.287963	0.266983	0.281146	0.247934	0.281591	0.280825	0.281724	0.271385	0.275130	0.263686	0.278021	0.252430	0.277400	0.260446	0.309260	0.242785	0.244230	0.250646	0.274433	0.283893	0.267457	0.277379	0.271885	0.279168	0.296370	0.323684	0.278007	0.288402	0.250570	0.274731	0.272246	0.266327	0.254447	0.257613	0.245757	0.270984	0.259312	0.243380	0.278343	0.271761	0.268499	0.279338	0.258415	0.254841	0.274044	0.272619	0.276045	0.268215	0.263432	0.269439	0.270623	0.265608	0.260160	0.257375	0.276125	0.270350	0.256180	0.266540	0.265848	0.258826	0.278458	0.275406	0.276686	0.269849	0.284979	0.265329	0.272631	0.259490	0.253469	0.262723	0.275655	0.270900	0.276285	0.271398	0.268921	0.270988	0.274484	0.266880	
0.283019	0.250130	0.279483	0.268917	0.292403	0.271377	0.264675	0.254468	0.273548	0.249265	0.250167	0.000000	0.292310	0.295211	0.285151	0.278723	0.282885	0.286278	0.258238	0.265301	0.259847	0.259824	0.251997	0.242806	0.257967	0.250068	0.247391	0.247078	0.269533	0.244510	0.250605	0.254050	0.268701	0.262111	0.270995	0.255007	0.246824	0.252900	0.273933	0.248182	0.261990	0.255964	0.263185	0.260685	0.280392	0.272615	0.282181	0.281018	0.281703	0.280853	0.275614	0.280055	0.273245	0.268887	0.269876	0.280264	0.297730	0.294293	0.281504	0.284848	0.289439	0.283407	0.293720	0.278774	0.276151	0.274031	0.289370	0.271948	0.287678	0.293367	0.279164	0.282008	0.277411	0.276949	0.278132	0.274725	0.274052	0.279678	0.273078	0.285955	0.279497	0.299372	0.263057	0.295101	0.284510	0.282279	0.268725	0.279266	0.282163	0.282229	0.276852	0.280206	0.267234	0.273541	0.276632	0.290249	0.284057	0.271518	0.285714	0.273401	0.276756	0.283358	0.255260	0.289140	0.264859	0.285401	0.283512	0.283036	0.272599	0.286693	0.272070	0.254659	0.315459	0.275085	0.301059	0.272576	0.287313	0.302707	0.303809	0.296471	0.252291	0.313603	0.292506	0.293026	0.288914	0.281849	0.297669	0.258374	0.277604	0.293821	0.287792	0.292252	0.296450	0.255043	0.292334	0.264820	0.296289	0.278547	0.253292	0.298836	0.265124	0.299369	0.282970	0.293748	0.280212	0.287662	0.281361	0.276424	0.260012	0.299299	0.254563	0.303016	0.257197	0.240070	0.251637	0.287078	0.289516	0.277778	0.290306	0.291033	0.292021	0.285266	0.327167	0.291760	0.283798	0.251101	0.287730	0.284989	0.284873	0.268141	0.260297	0.243017	0.277182	0.251505	0.260196	0.284101	0.279653	0.255441	0.286325	0.264981	0.268299	0.292867	0.285255	0.288682	0.286225	0.287975	0.278057	0.281966	0.286025	0.287762	0.271153	0.294263	0.284298	0.291554	0.277047	0.279682	0.277139	0.284919	0.289389	0.284912	0.286545	0.295784	0.279018	0.277832	0.271002	0.265383	0.274271	0.270877	0.282328	0.296450	0.283522	0.286480	0.273297	0.288656	0.286029	
0.255345	0.285440	0.240571	0.276704	0.246093	0.241459	0.268842	0.278763	0.240847	0.275504	0.282942	0.292310	0.000000	0.241136	0.240040	0.236674	0.229371	0.238875	0.270254	0.284150	0.266738	0.279942	0.297265	0.282806	0.278547	0.281086	0.286877	0.278356	0.278793	0.282343	0.267032	0.269675	0.282343	0.281295	0.283952	0.289332	0.275510	0.286270	0.248957	0.280904	0.269868	0.274378	0.273147	0.280806	0.292595	0.270082	0.290686	0.288993	0.276837	0.249550	0.244587	0.275287	0.285766	0.280960	0.270691	0.246574	0.243221	0.259679	0.281125	0.281424	0.282688	0.286795	0.296449	0.278084	0.274753	0.277236	0.235172	0.277809	0.298087	0.254408	0.299947	0.286645	0.282658	0.290776	0.248998	0.289970	0.274001	0.304032	0.289459	0.283206	0.296701	0.290994	0.294087	0.258221	0.280227	0.284542	0.275773	0.295494	0.300241	0.293422	0.298271	0.276606	0.283033	0.307387	0.285270	0.261543	0.285869	0.288948	0.298931	0.277276	0.281540	0.278561	0.283227	0.244774	0.285028	0.245902	0.251512	0.244822	0.279690	0.240014	0.289397	0.280346	0.258081	0.299964	0.246496	0.293465	0.252517	0.274935	0.154888	0.234252	0.287330	0.273406	0.242348	0.246307	0.230645	0.245078	0.226211	0.290435	0.216363	0.246038	0.249898	0.241230	0.248687	0.278718	0.244548	0.297452	0.234203	0.261468	0.293602	0.234036	0.279015	0.250311	0.243831	0.244687	0.235126	0.235259	0.245081	0.246329	0.277068	0.256845	0.284656	0.267631	0.279703	0.273197	0.282656	0.251985	0.247066	0.286082	0.249824	0.250087	0.247223	0.255152	0.292335	0.259794	0.312801	0.281519	0.257139	0.259242	0.254449	0.283019	0.293152	0.282241	0.244241	0.287678	0.274303	0.247618	0.252523	0.291774	0.251877	0.292275	0.291986	0.283686	0.284476	0.281092	0.279623	0.289127	0.282216	0.288580	0.230769	0.289572	0.284406	0.258405	0.238904	0.285668	0.283359	0.273567	0.275948	0.233774	0.235440	0.237788	0.281672	0.239014	0.284236	0.245818	0.257592	0.273432	0.281781	0.267154	0.279244	0.248433	0.253623	0.253285	0.275982	0.246612	0.245578	
0.256858	0.286475	0.242370	0.294526	0.262959	0.246774	0.280958	0.284129	0.244871	0.282578	0.278812	0.295211	0.241136	0.000000	0.255338	0.253073	0.242942	0.255817	0.282598	0.290123	0.273737	0.279531	0.293362	0.284538	0.287718	0.283480	0.296499	0.283046	0.295575	0.284168	0.264687	0.265722	0.286659	0.286065	0.287781	0.292743	0.284026	0.289269	0.255463	0.287829	0.292750	0.283288	0.271463	0.286448	0.299504	0.286050	0.292994	0.293957	0.275421	0.264464	0.249588	0.271631	0.294567	0.291213	0.285871	0.245769	0.254923	0.268574	0.281835	0.285277	0.283398	0.295759	0.294508	0.281231	0.288397	0.283352	0.259054	0.286041	0.300527	0.257992	0.307947	0.282720	0.288684	0.282272	0.256367	0.299979	0.274670	0.296110	0.287195	0.289255	0.298299	0.303259	0.295496	0.255265	0.279199	0.294443	0.290496	0.310674	0.295427	0.291858	0.308624	0.296131	0.294073	0.304024	0.288362	0.245976	0.282657	0.279624	0.306259	0.289698	0.282841	0.293125	0.299415	0.250111	0.284058	0.245812	0.257558	0.253309	0.278744	0.244103	0.286093	0.293213	0.255655	0.296188	0.246674	0.311804	0.253861	0.244983	0.252752	0.247766	0.291171	0.257508	0.254717	0.242090	0.242883	0.249822	0.248341	0.283359	0.238251	0.249155	0.256723	0.240163	0.245591	0.292918	0.241613	0.295250	0.233511	0.268284	0.291798	0.248722	0.282012	0.247904	0.261054	0.269746	0.238112	0.248713	0.253665	0.253018	0.282985	0.258747	0.285402	0.272854	0.287126	0.280151	0.290610	0.263636	0.249295	0.289960	0.257088	0.260079	0.258897	0.260936	0.275671	0.249306	0.321730	0.283657	0.251996	0.261525	0.258885	0.297497	0.301487	0.289096	0.251061	0.296871	0.281193	0.254115	0.257319	0.300413	0.267963	0.295574	0.291263	0.288311	0.288480	0.286148	0.276854	0.285489	0.294881	0.286167	0.248150	0.294103	0.285894	0.256350	0.250876	0.278171	0.286148	0.284020	0.279480	0.259710	0.259861	0.264606	0.281138	0.255034	0.271873	0.248047	0.264323	0.282385	0.281526	0.270954	0.283799	0.258913	0.257321	0.252942	0.281741	0.245629	0.253889	
0.245280	0.276207	0.240726	0.281900	0.241353	0.242684	0.265013	0.271524	0.240857	0.261943	0.274318	0.285151	0.240040	0.255338	0.000000	0.222559	0.238778	0.229636	0.274417	0.283224	0.261567	0.280758	0.292093	0.270251	0.268880	0.274162	0.273910	0.270266	0.283321	0.279670	0.254601	0.260823	0.273804	0.271516	0.274128	0.277754	0.283013	0.274460	0.236505	0.275147	0.273320	0.271651	0.264119	0.272369	0.295216	0.277192	0.291062	0.281107	0.274610	0.249163	0.248725	0.276142	0.287626	0.274381	0.282008	0.248816	0.252592	0.249919	0.281776	0.283128	0.294973	0.295568	0.303611	0.275007	0.283724	0.289761	0.238700	0.283769	0.293331	0.247402	0.294017	0.284212	0.286282	0.286797	0.250177	0.294825	0.268654	0.298601	0.296147	0.289950	0.303210	0.287604	0.303885	0.257809	0.273125	0.295283	0.275148	0.303755	0.298041	0.303637	0.295670	0.287113	0.291511	0.308795	0.281273	0.266210	0.289101	0.290323	0.291859	0.288272	0.282773	0.284483	0.279213	0.253385	0.294539	0.238403	0.250508	0.247185	0.272585	0.231130	0.298819	0.279536	0.238527	0.299262	0.248891	0.304301	0.256547	0.276653	0.251453	0.239442	0.277479	0.249603	0.245307	0.243958	0.233795	0.238144	0.236203	0.279572	0.230467	0.243432	0.254855	0.221599	0.240194	0.285307	0.225466	0.306371	0.218888	0.248012	0.287113	0.249049	0.280686	0.268304	0.239625	0.236579	0.242914	0.250348	0.238627	0.246608	0.281401	0.258375	0.288148	0.257360	0.272806	0.263866	0.275778	0.253510	0.241592	0.293200	0.243018	0.240361	0.247632	0.231728	0.281097	0.241830	0.327523	0.278298	0.250812	0.252295	0.247164	0.280508	0.289983	0.270006	0.252096	0.288350	0.275286	0.252000	0.238964	0.301005	0.256694	0.298767	0.282410	0.284105	0.280017	0.282597	0.270944	0.289076	0.281696	0.288505	0.239502	0.291470	0.288637	0.257638	0.243525	0.278868	0.288440	0.268680	0.279797	0.250389	0.253200	0.248499	0.278765	0.262272	0.278124	0.252348	0.259553	0.269356	0.285964	0.267969	0.283348	0.251393	0.247098	0.255943	0.283749	0.247446	0.254976	
0.248776	0.281828	0.238635	0.279427	0.252071	0.235326	0.272121	0.276708	0.247234	0.272279	0.265973	0.278723	0.236674	0.253073	0.222559	0.000000	0.241201	0.242420	0.259560	0.277020	0.257639	0.283641	0.281710	0.270820	0.273052	0.272656	0.274829	0.268549	0.285328	0.277713	0.258544	0.261365	0.274935	0.273216	0.274759	0.271925	0.268887	0.279308	0.243551	0.279096	0.280664	0.258675	0.270663	0.271857	0.295040	0.281479	0.293700	0.296264	0.284569	0.260234	0.244241	0.282269	0.290841	0.279081	0.280243	0.253042	0.248823	0.253022	0.279867	0.283057	0.284095	0.296287	0.293740	0.281092	0.284120	0.276421	0.251955	0.278772	0.300729	0.260470	0.298378	0.285714	0.283291	0.285570	0.235839	0.300829	0.282925	0.303227	0.283997	0.283616	0.308069	0.293638	0.280021	0.242881	0.267789	0.293381	0.277358	0.282601	0.293379	0.287321	0.297566	0.294086	0.286338	0.310013	0.289573	0.267013	0.292166	0.279330	0.302624	0.281245	0.286086	0.283995	0.284964	0.245163	0.283648	0.242083	0.251851	0.237318	0.277578	0.249645	0.286515	0.275754	0.261096	0.304137	0.242878	0.306969	0.249252	0.261067	0.242417	0.248180	0.279834	0.249825	0.234740	0.235108	0.233282	0.242836	0.230925	0.290506	0.239586	0.252785	0.249716	0.233612	0.245506	0.275912	0.233975	0.292990	0.230547	0.245991	0.287306	0.242350	0.278491	0.265936	0.240727	0.257949	0.233141	0.236557	0.238216	0.250613	0.273779	0.256830	0.276460	0.250469	0.270824	0.267804	0.278711	0.258632	0.252244	0.284600	0.255994	0.255147	0.264831	0.248971	0.269916	0.244151	0.322034	0.283584	0.268287	0.250860	0.253868	0.281912	0.284740	0.276556	0.252252	0.280477	0.285046	0.250127	0.243084	0.285618	0.255601	0.296196	0.290197	0.286123	0.279261	0.279995	0.280248	0.281428	0.289287	0.289435	0.244376	0.288646	0.276913	0.256211	0.243996	0.282060	0.277228	0.274256	0.278744	0.256917	0.258430	0.259978	0.286414	0.263224	0.282686	0.248400	0.255379	0.287325	0.286080	0.261513	0.285678	0.256708	0.253637	0.255697	0.272591	0.253403	0.257394	
0.229551	0.279336	0.222400	0.285732	0.238065	0.237413	0.270775	0.284122	0.234749	0.270489	0.277647	0.282885	0.229371	0.242942	0.238778	0.241201	0.000000	0.246089	0.286044	0.289871	0.257630	0.283419	0.290624	0.275960	0.274699	0.281617	0.282586	0.273758	0.286083	0.277372	0.253603	0.261769	0.280852	0.280067	0.278532	0.291406	0.282289	0.278650	0.234998	0.280689	0.273371	0.273210	0.265134	0.285850	0.291722	0.273651	0.292875	0.293407	0.277113	0.245246	0.242230	0.280551	0.294442	0.282952	0.279518	0.243653	0.235308	0.251074	0.280971	0.291120	0.295972	0.290828	0.302398	0.277673	0.289983	0.282834	0.239619	0.294162	0.300910	0.253884	0.301254	0.286663	0.279326	0.287745	0.242768	0.287314	0.273833	0.307033	0.297063	0.283252	0.307056	0.306713	0.290481	0.252482	0.271426	0.300681	0.288506	0.291835	0.299777	0.287087	0.297748	0.299293	0.284368	0.303977	0.291291	0.263107	0.289400	0.291607	0.305397	0.291463	0.282123	0.286328	0.267023	0.226536	0.282524	0.231422	0.232092	0.246171	0.281471	0.236563	0.288815	0.276370	0.240979	0.300891	0.249924	0.294962	0.245815	0.248934	0.239831	0.170717	0.277453	0.239569	0.224762	0.237216	0.224411	0.246965	0.229897	0.282101	0.225825	0.245947	0.252390	0.236787	0.251194	0.289498	0.237542	0.296311	0.230197	0.255624	0.287111	0.245283	0.281319	0.239826	0.241421	0.243961	0.231431	0.247238	0.247211	0.247917	0.280130	0.246792	0.266525	0.259666	0.279100	0.264236	0.281335	0.240261	0.231450	0.286634	0.237833	0.238993	0.235611	0.237721	0.264348	0.239419	0.313793	0.282192	0.227842	0.236210	0.233940	0.282726	0.292899	0.275586	0.238797	0.287123	0.276518	0.225212	0.237546	0.292171	0.240818	0.278956	0.292302	0.286375	0.285034	0.280580	0.281424	0.293881	0.284749	0.291726	0.233940	0.293441	0.289855	0.245809	0.234073	0.281752	0.287151	0.280343	0.280161	0.235224	0.231189	0.237444	0.287546	0.244596	0.285767	0.242249	0.267587	0.273118	0.288011	0.267859	0.284676	0.241524	0.241783	0.241434	0.280385	0.238966	0.242981	
0.239488	0.283248	0.234614	0.283800	0.252603	0.242272	0.260409	0.269078	0.246047	0.264982	0.270247	0.286278	0.238875	0.255817	0.229636	0.242420	0.246089	0.000000	0.275389	0.280739	0.261962	0.279840	0.282062	0.266946	0.269640	0.269844	0.278736	0.269906	0.284864	0.275018	0.265122	0.264706	0.275852	0.269361	0.279874	0.278647	0.274521	0.275631	0.241473	0.269992	0.269932	0.266248	0.269209	0.277754	0.287371	0.271003	0.291313	0.282172	0.274901	0.247014	0.239697	0.267114	0.279168	0.272638	0.272269	0.247249	0.245663	0.240123	0.276193	0.277268	0.273498	0.287552	0.287066	0.273978	0.271369	0.274894	0.237036	0.275275	0.291927	0.248569	0.283295	0.278707	0.269100	0.276184	0.238720	0.279171	0.274832	0.293343	0.292355	0.285740	0.295600	0.294611	0.303782	0.238455	0.275120	0.289418	0.284300	0.301591	0.297484	0.291683	0.287302	0.287984	0.293326	0.301480	0.275014	0.247248	0.278076	0.280935	0.293329	0.282173	0.272293	0.300510	0.276596	0.248131	0.275894	0.229098	0.242816	0.243966	0.270213	0.238123	0.287069	0.274391	0.254479	0.288330	0.246870	0.311953	0.239487	0.252306	0.243005	0.255261	0.274632	0.252513	0.247804	0.242139	0.237882	0.229869	0.234860	0.282667	0.237101	0.245322	0.243627	0.231141	0.246842	0.276576	0.237163	0.292359	0.222466	0.234614	0.287961	0.233065	0.277817	0.251881	0.245609	0.249688	0.234353	0.238729	0.237605	0.243224	0.278497	0.250134	0.276189	0.253247	0.275039	0.274551	0.276736	0.242689	0.250000	0.280250	0.248890	0.244737	0.244387	0.236143	0.273872	0.224627	0.337776	0.266959	0.250212	0.250693	0.245275	0.269815	0.289422	0.271172	0.249895	0.278543	0.274016	0.240733	0.242126	0.299541	0.252857	0.277275	0.276341	0.271884	0.279296	0.278430	0.281743	0.284616	0.276732	0.284772	0.239088	0.290515	0.275683	0.247600	0.238016	0.279019	0.273490	0.278732	0.268652	0.250495	0.247824	0.253142	0.273771	0.252468	0.280461	0.240951	0.261825	0.272445	0.281218	0.261864	0.280850	0.254614	0.244005	0.248037	0.273299	0.241967	0.245475	
0.283568	0.266808	0.275074	0.268858	0.281324	0.274825	0.258426	0.252886	0.275620	0.260199	0.252706	0.258238	0.270254	0.282598	0.274417	0.259560	0.286044	0.275389	0.000000	0.265159	0.250295	0.261217	0.264149	0.255267	0.261436	0.247527	0.244142	0.258343	0.255609	0.259718	0.259735	0.263520	0.260839	0.255219	0.267619	0.262642	0.245588	0.263689	0.272637	0.261298	0.269332	0.262639	0.256535	0.260007	0.275932	0.268180	0.287183	0.263233	0.277823	0.284587	0.274991	0.276797	0.263294	0.274957	0.270531	0.274154	0.280391	0.286182	0.275989	0.263694	0.274734	0.277100	0.279701	0.269089	0.276067	0.274016	0.284013	0.265321	0.275000	0.281777	0.274499	0.270333	0.276406	0.272190	0.273755	0.264781	0.259921	0.269893	0.266728	0.270407	0.275400	0.277045	0.274644	0.273585	0.297009	0.270978	0.257189	0.267190	0.272377	0.260408	0.273524	0.250534	0.272046	0.264884	0.267503	0.282112	0.263674	0.272193	0.279602	0.268173	0.259073	0.273814	0.267006	0.283565	0.251759	0.285800	0.279431	0.286611	0.266125	0.279514	0.256694	0.257615	0.291163	0.256243	0.282836	0.278376	0.295288	0.291688	0.293362	0.288255	0.259451	0.302918	0.278053	0.284303	0.276692	0.277873	0.276731	0.260158	0.275381	0.275172	0.274317	0.282221	0.277751	0.252040	0.285077	0.254231	0.274001	0.282517	0.258767	0.278377	0.259361	0.293538	0.289002	0.277530	0.268993	0.284173	0.276230	0.274540	0.258414	0.288902	0.267539	0.305054	0.255215	0.258034	0.259621	0.281435	0.285296	0.262540	0.283393	0.276948	0.274389	0.296024	0.331233	0.271107	0.289662	0.271250	0.284058	0.288003	0.279800	0.270881	0.266101	0.263053	0.276902	0.272017	0.266982	0.286566	0.279861	0.265699	0.287859	0.262040	0.264602	0.283850	0.277999	0.289370	0.263456	0.269904	0.262765	0.272643	0.264890	0.274758	0.265473	0.271192	0.274406	0.254787	0.269142	0.265935	0.260392	0.273733	0.277972	0.278242	0.273305	0.284339	0.269134	0.274588	0.265890	0.270093	0.268605	0.269761	0.271166	0.280751	0.279800	0.276252	0.267032	0.281500	0.268914	
0.283502	0.278608	0.272461	0.275627	0.285821	0.283306	0.272673	0.263708	0.279016	0.260538	0.266481	0.265301	0.284150	0.290123	0.283224	0.277020	0.289871	0.280739	0.265159	0.000000	0.262670	0.270109	0.270655	0.264818	0.263008	0.255191	0.262720	0.257186	0.279625	0.263158	0.262831	0.269636	0.275605	0.274137	0.281246	0.267561	0.252742	0.257852	0.282918	0.253058	0.273010	0.245311	0.262811	0.259963	0.272148	0.268911	0.276368	0.265458	0.267189	0.280136	0.276763	0.275930	0.249270	0.266867	0.269458	0.276967	0.290237	0.284591	0.262801	0.277855	0.261633	0.272406	0.290319	0.254305	0.247339	0.256476	0.288385	0.258781	0.271883	0.285736	0.266459	0.269856	0.267315	0.274001	0.276605	0.263960	0.254397	0.278069	0.256033	0.264411	0.270580	0.246324	0.266053	0.286321	0.279801	0.267604	0.255855	0.272912	0.253829	0.253139	0.264282	0.262789	0.265143	0.284031	0.259299	0.291522	0.253307	0.271444	0.268775	0.258358	0.247094	0.264037	0.256575	0.292406	0.248758	0.282505	0.285593	0.283984	0.262522	0.280421	0.253357	0.249476	0.305749	0.262089	0.291510	0.284169	0.277489	0.300453	0.295392	0.289649	0.269969	0.302333	0.289603	0.276271	0.267764	0.275827	0.301166	0.251843	0.280568	0.287972	0.283903	0.282484	0.291457	0.266228	0.305103	0.271810	0.281415	0.292667	0.265033	0.284646	0.254338	0.293576	0.274738	0.280847	0.271043	0.291039	0.288459	0.285231	0.266077	0.288622	0.265513	0.296659	0.269455	0.266027	0.269653	0.281080	0.290450	0.273129	0.282387	0.281558	0.286308	0.301896	0.327193	0.278399	0.287818	0.278090	0.286966	0.289075	0.282229	0.272027	0.258214	0.260108	0.280817	0.271049	0.262964	0.285036	0.285155	0.278873	0.281688	0.298075	0.266045	0.283264	0.280191	0.281218	0.268910	0.267620	0.264124	0.272580	0.278941	0.277555	0.254314	0.281107	0.283186	0.265918	0.258635	0.261653	0.269146	0.288187	0.280887	0.282371	0.278331	0.292820	0.269947	0.283639	0.266914	0.253036	0.263423	0.252462	0.259848	0.286577	0.286986	0.285735	0.269739	0.286921	0.285875	
