0.000000	0.277791	0.219274	0.287301	0.236564	0.229227	0.273471	0.282423	0.215200	0.268812	0.271251	0.290534	0.253596	0.259673	0.253049	0.251405	0.240695	0.242232	0.295614	0.285329	0.258883	0.277484	0.291550	0.265788	0.278371	0.271460	0.262250	0.273453	0.287282	0.275970	0.258837	0.273137	0.277625	0.283109	0.273819	0.279345	0.234883	0.274166	0.275968	0.267228	0.271908	0.279858	0.299872	0.277339	0.292041	0.283436	0.268029	0.264676	0.249193	0.280535	0.291053	0.282433	0.279078	0.254510	0.253463	0.259220	0.277922	0.281329	0.287847	0.290636	0.294627	0.271545	0.279702	0.289352	0.246775	0.282539	0.292593	0.250258	0.305603	0.283096	0.244928	0.298113	0.271080	0.300926	0.293693	0.285867	0.312160	0.300314	0.304570	0.255170	0.283503	0.307145	0.282521	0.307509	0.297185	0.295710	0.288987	0.300197	0.299943	0.310736	0.281140	0.265979	0.300272	0.296445	0.302522	0.294022	0.289896	0.277984	0.240549	0.284683	0.251279	0.229709	0.242592	0.278742	0.224389	0.293828	0.256644	0.303284	0.260561	0.302025	0.243222	0.273527	0.275957	0.272814	0.252931	0.262264	0.254127	0.257104	0.248297	0.283977	0.242200	0.250405	0.266377	0.252925	0.286629	0.254848	0.306811	0.242855	0.264302	0.295806	0.251549	0.271614	0.228577	0.249081	0.251561	0.245955	0.249036	0.244957	0.261930	0.288207	0.267529	0.254027	0.286966	0.262922	0.281304	0.220228	0.241794	0.285758	0.240496	0.258702	0.268669	0.244139	0.310356	0.278283	0.225895	0.222335	0.211024	0.273561	0.292519	0.278373	0.223587	0.281264	0.275944	0.220335	0.229477	0.297382	0.231665	0.279895	0.282956	0.271765	0.278614	0.285812	0.286698	0.294044	0.245274	0.293646	0.284599	0.254491	0.239335	0.284945	0.284492	0.286909	0.274994	0.244498	0.280991	0.256241	0.288648	0.244369	0.270994	0.275838	0.280660	0.269142	0.286090	0.244007	0.293963	0.242976	0.256214	
0.277791	0.000000	0.274924	0.245964	0.285620	0.269944	0.270471	0.245379	0.275064	0.247960	0.255596	0.257718	0.286141	0.296300	0.284127	0.287891	0.286005	0.291142	0.280915	0.278577	0.256250	0.265574	0.257919	0.257061	0.265053	0.251306	0.259537	0.252895	0.268236	0.261749	0.258836	0.257079	0.258555	0.266333	0.251016	0.263395	0.276593	0.261715	0.250345	0.257461	0.257647	0.263766	0.280130	0.272007	0.276337	0.280059	0.270665	0.288809	0.276326	0.272228	0.275508	0.271490	0.280750	0.277336	0.287346	0.288758	0.277772	0.275738	0.272304	0.278941	0.280009	0.270100	0.270197	0.276677	0.283422	0.266092	0.279984	0.285365	0.276837	0.282241	0.269765	0.274139	0.271442	0.286379	0.272119	0.279713	0.276931	0.281707	0.273055	0.290196	0.286490	0.284033	0.278707	0.291610	0.273935	0.284312	0.278580	0.275667	0.281464	0.280655	0.276831	0.292925	0.282180	0.276862	0.284602	0.270278	0.267937	0.269431	0.288655	0.265358	0.286632	0.281388	0.280421	0.263203	0.267488	0.262977	0.319377	0.290278	0.301839	0.285481	0.273558	0.308331	0.257388	0.302663	0.288627	0.292960	0.283707	0.285692	0.297900	0.266386	0.278870	0.283878	0.287218	0.286661	0.267637	0.302571	0.268808	0.290627	0.290012	0.266622	0.285751	0.249132	0.287310	0.291009	0.273301	0.279438	0.292049	0.280972	0.275905	0.259038	0.250000	0.307419	0.270095	0.240970	0.245710	0.275955	0.288704	0.255840	0.272117	0.295201	0.314353	0.290806	0.269347	0.263163	0.274179	0.278038	0.281658	0.253747	0.261927	0.247517	0.281090	0.245625	0.251374	0.284930	0.282400	0.256108	0.280390	0.279970	0.272523	0.276707	0.280086	0.281045	0.278380	0.282778	0.278552	0.274759	0.284757	0.280388	0.283323	0.286264	0.278707	0.277051	0.281675	0.285377	0.285714	0.292696	0.279678	0.283461	0.273977	0.272076	0.269219	0.264509	0.282257	0.287052	0.276347	0.279807	0.282268	
0.219274	0.274924	0.000000	0.277479	0.221143	0.217044	0.272444	0.277576	0.226866	0.257666	0.268512	0.283954	0.249491	0.245104	0.238553	0.244641	0.224766	0.238545	0.283984	0.275367	0.253689	0.272987	0.281835	0.260875	0.266683	0.258127	0.266452	0.264326	0.267633	0.264563	0.254190	0.245837	0.265556	0.279585	0.268562	0.276758	0.232106	0.268845	0.270522	0.262186	0.261620	0.270468	0.296248	0.266757	0.286655	0.284582	0.266277	0.258810	0.247762	0.276268	0.290342	0.278976	0.268284	0.240999	0.245239	0.259098	0.281322	0.277208	0.283892	0.284995	0.290381	0.267340	0.275760	0.290537	0.237617	0.285323	0.295444	0.248252	0.282433	0.287168	0.231108	0.289740	0.274319	0.303899	0.292518	0.284856	0.299365	0.293578	0.314541	0.255561	0.269729	0.301830	0.278508	0.297840	0.292544	0.290195	0.295942	0.280929	0.283389	0.305585	0.268444	0.256623	0.295336	0.290593	0.290165	0.286735	0.287073	0.288495	0.232118	0.276534	0.239428	0.244329	0.229810	0.274291	0.218275	0.285567	0.261953	0.301814	0.252808	0.293567	0.242829	0.263428	0.275263	0.252591	0.239353	0.250034	0.239918	0.240820	0.232773	0.277745	0.235758	0.237160	0.253700	0.234116	0.285114	0.255417	0.296311	0.232928	0.246391	0.286856	0.225972	0.276293	0.239411	0.234684	0.242749	0.233045	0.239630	0.237159	0.251005	0.272631	0.269076	0.250000	0.284771	0.251173	0.272521	0.220191	0.241605	0.286207	0.230153	0.265137	0.263114	0.238017	0.310606	0.270785	0.229758	0.229095	0.227924	0.270625	0.282215	0.271290	0.223605	0.276672	0.274395	0.234546	0.223002	0.282468	0.220335	0.272957	0.281610	0.269124	0.268078	0.275810	0.276478	0.285631	0.232190	0.286107	0.280082	0.237831	0.236552	0.273290	0.288267	0.275930	0.275021	0.239125	0.269344	0.244249	0.280599	0.239055	0.263389	0.273823	0.277426	0.269656	0.282524	0.240817	0.279391	0.244827	0.243152	
0.287301	0.245964	0.277479	0.000000	0.287805	0.270526	0.267637	0.259279	0.279881	0.260599	0.254499	0.272313	0.278822	0.288101	0.280032	0.283985	0.290348	0.278923	0.274467	0.279704	0.261483	0.263719	0.267592	0.263746	0.267843	0.255782	0.270419	0.264426	0.271091	0.261844	0.258744	0.257396	0.258797	0.268600	0.267334	0.271527	0.276298	0.271015	0.257997	0.256043	0.270902	0.263006	0.290971	0.277001	0.279018	0.277523	0.272472	0.295210	0.285140	0.282509	0.276189	0.268072	0.279565	0.278502	0.290032	0.295031	0.282111	0.276344	0.272338	0.284133	0.279598	0.268807	0.268250	0.277395	0.290690	0.282169	0.281096	0.292223	0.291485	0.278457	0.278046	0.276316	0.266963	0.283307	0.273372	0.285995	0.270154	0.266378	0.286510	0.292275	0.294657	0.285985	0.278320	0.275225	0.262453	0.300032	0.279030	0.287175	0.289838	0.280708	0.279938	0.283493	0.284448	0.272740	0.289629	0.280978	0.284105	0.261609	0.286770	0.266750	0.293484	0.288008	0.280949	0.275070	0.280192	0.272342	0.304684	0.295250	0.293593	0.283030	0.279229	0.303200	0.262408	0.301898	0.294340	0.276954	0.283614	0.286936	0.296022	0.269309	0.285169	0.282611	0.292454	0.279196	0.261882	0.301720	0.283987	0.295279	0.272864	0.270147	0.285695	0.260475	0.297411	0.281730	0.278426	0.273744	0.282260	0.277552	0.273165	0.264320	0.265642	0.297286	0.263130	0.248477	0.266121	0.289528	0.283490	0.262687	0.281028	0.294906	0.354656	0.294185	0.307740	0.264310	0.288181	0.287381	0.288161	0.250503	0.257454	0.260219	0.288656	0.258023	0.262300	0.289532	0.281273	0.259663	0.282872	0.275708	0.259008	0.272873	0.279057	0.282914	0.271803	0.276714	0.280414	0.264280	0.273792	0.283154	0.285365	0.262933	0.275027	0.261246	0.271186	0.286156	0.279404	0.294626	0.278218	0.285208	0.274201	0.271894	0.267361	0.268123	0.280700	0.282852	0.279758	0.292628	0.283439	
0.236564	0.285620	0.221143	0.287805	0.000000	0.239089	0.277546	0.283915	0.238327	0.284214	0.279621	0.296748	0.255346	0.255711	0.250302	0.260854	0.240212	0.257973	0.288923	0.299922	0.265774	0.283674	0.286703	0.278744	0.285474	0.270051	0.280791	0.270787	0.276147	0.279397	0.267262	0.266991	0.274006	0.283716	0.291060	0.289961	0.239712	0.282750	0.280405	0.275995	0.277015	0.283009	0.301819	0.284476	0.299854	0.289310	0.279083	0.270637	0.254554	0.283801	0.296668	0.296707	0.285077	0.254193	0.256859	0.269967	0.296008	0.289788	0.291358	0.294111	0.301100	0.282919	0.289067	0.296533	0.255147	0.291752	0.300688	0.257641	0.308509	0.295986	0.249487	0.294018	0.285102	0.311595	0.304265	0.292810	0.301737	0.302346	0.307342	0.257053	0.276726	0.308690	0.278502	0.314580	0.308613	0.304341	0.296711	0.294208	0.306803	0.312753	0.299129	0.274513	0.305195	0.300554	0.298535	0.302390	0.297375	0.282393	0.241030	0.293143	0.237633	0.243283	0.245799	0.283102	0.226142	0.296556	0.254694	0.301332	0.263016	0.303986	0.262283	0.270194	0.285515	0.257364	0.239217	0.256525	0.261572	0.257605	0.244838	0.295569	0.241144	0.252926	0.264882	0.243316	0.290845	0.260333	0.307964	0.249960	0.248865	0.297622	0.242844	0.283151	0.235701	0.245963	0.250549	0.246404	0.246020	0.244603	0.270435	0.280095	0.284299	0.250825	0.288065	0.266099	0.288968	0.234515	0.236959	0.278552	0.233272	0.264151	0.260064	0.257377	0.328481	0.277717	0.237111	0.234047	0.230459	0.277850	0.290822	0.280942	0.233837	0.282947	0.279814	0.234703	0.237615	0.291562	0.243835	0.284758	0.288378	0.280709	0.281359	0.296506	0.293195	0.302338	0.255837	0.298986	0.292570	0.249280	0.250650	0.288379	0.291957	0.290460	0.291898	0.252882	0.288489	0.263315	0.290370	0.252076	0.278336	0.283732	0.290852	0.284779	0.293121	0.258430	0.298493	0.248339	0.264633	
0.229227	0.269944	0.217044	0.270526	0.239089	0.000000	0.271366	0.277659	0.229675	0.270261	0.264269	0.281729	0.248560	0.242493	0.243213	0.237582	0.237765	0.240556	0.283128	0.285308	0.252913	0.271214	0.285665	0.272324	0.273902	0.264950	0.270639	0.273780	0.280564	0.267982	0.260346	0.255329	0.267629	0.274219	0.275268	0.276303	0.235951	0.268020	0.276001	0.263070	0.267045	0.272666	0.291989	0.266460	0.287700	0.282695	0.266090	0.252298	0.240360	0.266643	0.282086	0.271579	0.267577	0.233514	0.245512	0.247949	0.273892	0.273094	0.279472	0.279964	0.290979	0.268034	0.265584	0.280256	0.244136	0.287965	0.291768	0.257336	0.288072	0.277170	0.236366	0.290482	0.268966	0.301505	0.290938	0.280357	0.300598	0.302195	0.310116	0.249705	0.264485	0.294093	0.284702	0.296888	0.286872	0.288663	0.285967	0.302806	0.292717	0.291397	0.280892	0.255841	0.295830	0.283983	0.297203	0.296837	0.297989	0.277162	0.234187	0.271483	0.237333	0.237316	0.238950	0.275329	0.222134	0.283089	0.267339	0.298723	0.247022	0.298926	0.246623	0.269101	0.282954	0.249207	0.238826	0.252153	0.245485	0.245435	0.239482	0.270077	0.233202	0.245891	0.257004	0.248456	0.266359	0.248444	0.300745	0.241692	0.245230	0.277350	0.224973	0.281948	0.241636	0.247434	0.248494	0.232373	0.230436	0.236741	0.241107	0.272913	0.274392	0.263450	0.282753	0.252607	0.270613	0.232208	0.231374	0.279221	0.225278	0.249769	0.302189	0.239130	0.321335	0.271093	0.230726	0.232415	0.234927	0.273361	0.287926	0.265366	0.224203	0.280215	0.272808	0.234609	0.229374	0.283726	0.226411	0.279046	0.273358	0.264170	0.267756	0.281437	0.278855	0.288071	0.238771	0.287885	0.280028	0.244073	0.240945	0.287918	0.283027	0.278107	0.266651	0.242441	0.269997	0.255353	0.276237	0.237279	0.266700	0.273044	0.271930	0.266931	0.280761	0.245555	0.287962	0.245118	0.249341	
0.273471	0.270471	0.272444	0.267637	0.277546	0.271366	0.000000	0.254692	0.267928	0.256329	0.251942	0.273617	0.282154	0.280345	0.273223	0.278140	0.280223	0.270882	0.265570	0.276154	0.253424	0.264171	0.261890	0.251070	0.256748	0.256812	0.262514	0.257865	0.261967	0.260355	0.251128	0.251345	0.264486	0.257691	0.264821	0.268950	0.274670	0.255397	0.265099	0.260874	0.268824	0.248114	0.280017	0.263917	0.281552	0.270313	0.266357	0.284865	0.270258	0.263957	0.269316	0.263065	0.271009	0.273824	0.277347	0.290731	0.274917	0.274244	0.283165	0.271801	0.280211	0.262224	0.273677	0.271979	0.281352	0.275087	0.274736	0.279833	0.278797	0.276466	0.276264	0.273232	0.267298	0.276864	0.272999	0.280880	0.277459	0.280811	0.279240	0.278241	0.283178	0.278117	0.269192	0.276459	0.284269	0.288992	0.277484	0.287572	0.282417	0.284318	0.275531	0.280142	0.280673	0.270660	0.287332	0.270530	0.271097	0.250735	0.277727	0.255874	0.276187	0.278905	0.275398	0.269253	0.269494	0.256221	0.297343	0.289540	0.280389	0.265830	0.287100	0.298707	0.261115	0.294277	0.284749	0.278160	0.276025	0.274216	0.281860	0.266014	0.273505	0.276372	0.286504	0.272676	0.265005	0.284867	0.270231	0.273570	0.284821	0.275679	0.279807	0.256384	0.283994	0.291287	0.278080	0.279916	0.281713	0.279286	0.283048	0.256945	0.251640	0.308002	0.251805	0.246680	0.246468	0.271667	0.278202	0.271012	0.270346	0.294374	0.325119	0.271064	0.281288	0.254436	0.274015	0.278314	0.275931	0.252909	0.265251	0.258463	0.263740	0.261705	0.251478	0.278291	0.274158	0.269012	0.270448	0.272520	0.256371	0.271473	0.264269	0.284476	0.274903	0.280834	0.272262	0.276708	0.274813	0.281200	0.279426	0.267717	0.280707	0.271611	0.273191	0.277818	0.273439	0.286500	0.274673	0.278053	0.266413	0.262149	0.271231	0.272892	0.278966	0.272797	0.277218	0.281649	0.279587	
0.282423	0.245379	0.277576	0.259279	0.283915	0.277659	0.254692	0.000000	0.276147	0.249436	0.246265	0.261266	0.287512	0.287138	0.275924	0.275943	0.282783	0.271703	0.274463	0.272451	0.256621	0.269145	0.264567	0.240956	0.262698	0.259001	0.260963	0.252425	0.262900	0.266889	0.258273	0.255913	0.253227	0.256234	0.259050	0.266244	0.278960	0.255847	0.256994	0.255328	0.263947	0.258981	0.285565	0.271836	0.287223	0.274185	0.268828	0.285473	0.273625	0.276256	0.285981	0.269648	0.280562	0.276112	0.289994	0.295927	0.278140	0.276418	0.280533	0.281234	0.278484	0.268362	0.272984	0.282769	0.286777	0.281230	0.287775	0.285442	0.277527	0.284538	0.272152	0.273226	0.267367	0.286630	0.278467	0.282996	0.280280	0.283080	0.280674	0.284932	0.292642	0.284987	0.276318	0.281966	0.270542	0.288560	0.274635	0.274844	0.277771	0.278834	0.272492	0.289496	0.274337	0.276422	0.280064	0.273364	0.267013	0.245909	0.287422	0.261045	0.289816	0.291061	0.280398	0.274462	0.282870	0.251711	0.313433	0.293294	0.296823	0.300517	0.275695	0.303411	0.258075	0.304052	0.292590	0.291500	0.283636	0.284427	0.288260	0.261652	0.281459	0.289051	0.288009	0.285635	0.271705	0.290424	0.275537	0.289762	0.285217	0.266729	0.287086	0.256732	0.293837	0.280229	0.281608	0.271264	0.292272	0.287696	0.279108	0.253343	0.252468	0.298176	0.245641	0.244857	0.247761	0.288126	0.291458	0.287810	0.282127	0.304946	0.320755	0.290657	0.289680	0.258506	0.279805	0.287941	0.280391	0.260666	0.260731	0.245246	0.282038	0.248481	0.252594	0.285322	0.284180	0.269270	0.280345	0.274972	0.265374	0.282188	0.278655	0.283345	0.272998	0.277315	0.284646	0.267086	0.276166	0.280343	0.286867	0.281848	0.288075	0.272905	0.280226	0.283077	0.280195	0.294636	0.275931	0.288060	0.272727	0.268796	0.275082	0.280888	0.288127	0.284716	0.275548	0.280779	0.280935	
0.215200	0.275064	0.226866	0.279881	0.238327	0.229675	0.267928	0.276147	0.000000	0.258991	0.265600	0.279437	0.251693	0.247560	0.237301	0.249561	0.236550	0.249938	0.282854	0.276567	0.256625	0.268363	0.278491	0.259337	0.267885	0.266610	0.273999	0.265795	0.268443	0.263690	0.249101	0.259910	0.265257	0.273572	0.262204	0.272226	0.228544	0.267641	0.268396	0.261530	0.270124	0.270232	0.297774	0.275272	0.292393	0.276269	0.263483	0.259495	0.251706	0.278865	0.289514	0.277199	0.271652	0.246510	0.249598	0.260230	0.280446	0.275914	0.289999	0.288117	0.289890	0.270157	0.278057	0.285584	0.246551	0.281479	0.299704	0.256561	0.298334	0.289858	0.242651	0.284675	0.269787	0.290245	0.297232	0.285866	0.298109	0.296093	0.299111	0.258833	0.268414	0.302504	0.283584	0.294482	0.294660	0.290799	0.284989	0.294302	0.293401	0.299120	0.283391	0.264870	0.300053	0.296554	0.291868	0.289046	0.284094	0.266925	0.229661	0.274848	0.255960	0.230041	0.244847	0.272956	0.226962	0.293188	0.260544	0.298355	0.258740	0.296128	0.243480	0.273146	0.267840	0.258018	0.242826	0.252003	0.247864	0.245536	0.239282	0.278629	0.238617	0.247093	0.263450	0.246751	0.271962	0.250885	0.301910	0.249183	0.256964	0.292613	0.242383	0.277240	0.251559	0.254391	0.250000	0.231278	0.236250	0.251303	0.253949	0.275525	0.270508	0.273819	0.279379	0.264007	0.274973	0.207263	0.248244	0.285951	0.228773	0.256785	0.290520	0.241152	0.320368	0.274305	0.220996	0.193282	0.221206	0.271012	0.281825	0.270473	0.228806	0.277828	0.261800	0.222348	0.228012	0.282040	0.237921	0.287049	0.270718	0.268571	0.274368	0.282922	0.281081	0.286691	0.245646	0.281626	0.274155	0.252933	0.239046	0.281629	0.280510	0.277140	0.269125	0.238544	0.274954	0.262671	0.278313	0.241353	0.270129	0.269293	0.277321	0.264970	0.282752	0.242533	0.280422	0.242826	0.252686	
0.268812	0.247960	0.257666	0.260599	0.284214	0.270261	0.256329	0.249436	0.258991	0.000000	0.243115	0.261118	0.282365	0.281215	0.273110	0.273464	0.273653	0.267993	0.269923	0.263084	0.245064	0.259086	0.265218	0.253557	0.236629	0.247118	0.247548	0.240114	0.254717	0.248035	0.246080	0.249363	0.248961	0.259096	0.235365	0.260135	0.266961	0.246655	0.253795	0.262590	0.257161	0.249072	0.273170	0.265738	0.276860	0.276637	0.262640	0.273242	0.269926	0.269562	0.275091	0.263347	0.267061	0.272374	0.281303	0.282280	0.271963	0.271206	0.276246	0.268293	0.272849	0.258867	0.271774	0.267535	0.271465	0.270225	0.266179	0.274846	0.277225	0.269765	0.260457	0.264588	0.261565	0.274526	0.271110	0.266825	0.274395	0.274802	0.278869	0.273066	0.276599	0.280782	0.278496	0.273996	0.277019	0.281041	0.275316	0.283391	0.264131	0.276720	0.275250	0.283929	0.266349	0.259045	0.269614	0.258741	0.259554	0.266278	0.279103	0.252316	0.285244	0.268806	0.275622	0.260473	0.259406	0.272542	0.312515	0.290276	0.287216	0.285714	0.275939	0.290233	0.164630	0.284585	0.278656	0.278013	0.280993	0.262761	0.277606	0.252536	0.274964	0.274377	0.274111	0.278085	0.252279	0.285319	0.269357	0.278794	0.286902	0.266731	0.278019	0.253859	0.284072	0.283355	0.275636	0.264907	0.293091	0.276964	0.263744	0.254100	0.247094	0.286408	0.252412	0.247582	0.242582	0.265849	0.292548	0.276042	0.268372	0.285902	0.317854	0.274821	0.302806	0.263332	0.275869	0.266477	0.271714	0.240433	0.261560	0.237527	0.271785	0.248964	0.252776	0.272579	0.269450	0.268835	0.272037	0.263673	0.264076	0.268568	0.266286	0.277461	0.262939	0.280975	0.264687	0.274126	0.269403	0.272855	0.268652	0.275901	0.270708	0.273306	0.270609	0.268584	0.276874	0.284935	0.270117	0.277568	0.271264	0.259842	0.257177	0.268829	0.282541	0.272315	0.271822	0.283446	0.275106	
0.271251	0.255596	0.268512	0.254499	0.279621	0.264269	0.251942	0.246265	0.265600	0.243115	0.000000	0.257614	0.282393	0.275850	0.268535	0.266682	0.274475	0.265998	0.253359	0.268066	0.232853	0.256161	0.248618	0.233351	0.243683	0.230492	0.244857	0.233662	0.250495	0.240642	0.247770	0.250691	0.236141	0.247549	0.244608	0.251929	0.262083	0.235716	0.253523	0.249801	0.245261	0.223083	0.277472	0.271943	0.286218	0.268393	0.268935	0.280107	0.274090	0.263963	0.269535	0.266871	0.271430	0.265362	0.269639	0.282703	0.270205	0.262883	0.273420	0.274887	0.269577	0.272947	0.267631	0.271114	0.271261	0.272329	0.279984	0.280316	0.275390	0.277477	0.263214	0.277747	0.249432	0.272009	0.264657	0.265699	0.267674	0.275397	0.279388	0.274871	0.290922	0.284984	0.271086	0.278054	0.282912	0.282887	0.257677	0.271620	0.275655	0.278087	0.272226	0.277715	0.270658	0.267177	0.277296	0.275358	0.270398	0.241422	0.284327	0.263136	0.280486	0.275242	0.280331	0.275303	0.269890	0.264099	0.297227	0.279475	0.284464	0.278082	0.268594	0.306104	0.252060	0.292019	0.274875	0.278821	0.267940	0.270275	0.282961	0.259549	0.268277	0.268109	0.283348	0.271106	0.258609	0.292707	0.260838	0.274452	0.279618	0.263035	0.270980	0.244019	0.286807	0.270563	0.281873	0.265343	0.276550	0.267036	0.278910	0.248854	0.256162	0.302811	0.242369	0.241100	0.244573	0.262341	0.278160	0.263873	0.272184	0.288614	0.340476	0.278326	0.284611	0.251311	0.274264	0.272976	0.272100	0.250999	0.254626	0.238931	0.271814	0.256544	0.233473	0.277030	0.272161	0.261344	0.274646	0.259790	0.256577	0.267238	0.259232	0.256134	0.265517	0.272004	0.269227	0.253092	0.262788	0.270264	0.263879	0.266113	0.267880	0.259885	0.265712	0.271572	0.265125	0.288255	0.262300	0.271048	0.259179	0.252139	0.258681	0.269185	0.270088	0.270505	0.271798	0.270571	0.264268	
0.290534	0.257718	0.283954	0.272313	0.296748	0.281729	0.273617	0.261266	0.279437	0.261118	0.257614	0.000000	0.294864	0.302300	0.293377	0.289647	0.291130	0.287083	0.259532	0.270741	0.262035	0.260333	0.251983	0.250483	0.259659	0.253146	0.259715	0.256347	0.280005	0.249940	0.256182	0.261112	0.262782	0.255025	0.252293	0.264015	0.283568	0.251365	0.256371	0.265279	0.276358	0.259853	0.289984	0.275015	0.282423	0.284631	0.278130	0.284611	0.283050	0.276760	0.275663	0.275536	0.275528	0.284545	0.296428	0.294016	0.286070	0.285780	0.290041	0.280427	0.287104	0.277620	0.280350	0.280319	0.292898	0.282117	0.293979	0.292804	0.283699	0.291514	0.280298	0.281060	0.275094	0.283780	0.278787	0.290780	0.287600	0.292628	0.277421	0.300504	0.285286	0.291185	0.269526	0.280603	0.280928	0.283038	0.279614	0.282636	0.269574	0.272028	0.276916	0.292959	0.282848	0.274557	0.286839	0.277607	0.285597	0.266801	0.292762	0.265677	0.292226	0.285374	0.290474	0.267108	0.294594	0.280065	0.323141	0.271293	0.300447	0.277627	0.288085	0.304605	0.266569	0.314370	0.292704	0.293991	0.289012	0.288156	0.290463	0.259631	0.286094	0.286972	0.291999	0.294914	0.258880	0.303382	0.266433	0.300762	0.282657	0.265868	0.295651	0.270818	0.307645	0.289778	0.292132	0.283480	0.297524	0.286714	0.275721	0.263813	0.258888	0.311216	0.271103	0.252432	0.249533	0.285309	0.293107	0.282495	0.291780	0.295212	0.346021	0.287760	0.290640	0.255015	0.285070	0.287206	0.288874	0.265464	0.260820	0.246360	0.288534	0.254495	0.263510	0.296936	0.288591	0.260146	0.294765	0.274458	0.270766	0.282460	0.287280	0.291524	0.277817	0.281418	0.286350	0.291144	0.282445	0.287239	0.288881	0.288125	0.279141	0.275870	0.280632	0.286057	0.284593	0.299086	0.285479	0.292491	0.278714	0.270142	0.278778	0.268905	0.290288	0.292330	0.275836	0.293943	0.286774	
0.253596	0.286141	0.249491	0.278822	0.255346	0.248560	0.282154	0.287512	0.251693	0.282365	0.282393	0.294864	0.000000	0.241742	0.239506	0.238964	0.242845	0.241321	0.278523	0.282707	0.267115	0.279636	0.304053	0.282764	0.284558	0.279582	0.290966	0.282555	0.284511	0.287827	0.275407	0.271430	0.282510	0.291479	0.279616	0.293116	0.257345	0.284159	0.279948	0.283094	0.283745	0.280633	0.297056	0.277283	0.291799	0.283337	0.275236	0.254895	0.243000	0.274921	0.293706	0.290191	0.277055	0.248487	0.245876	0.260474	0.280947	0.283330	0.282811	0.287695	0.287974	0.279075	0.276290	0.282380	0.237051	0.278483	0.294991	0.262304	0.303273	0.291047	0.245453	0.286102	0.277726	0.300407	0.290781	0.286647	0.301587	0.297482	0.300771	0.255847	0.291956	0.293969	0.275440	0.301391	0.297221	0.290827	0.298005	0.276571	0.290725	0.309535	0.282813	0.261381	0.287555	0.297339	0.299644	0.280973	0.278300	0.285980	0.248043	0.288993	0.247419	0.255011	0.253333	0.276125	0.250794	0.289620	0.258133	0.296527	0.245391	0.294249	0.259246	0.271554	0.289885	0.270732	0.236355	0.246842	0.233542	0.244648	0.226757	0.284364	0.223696	0.243780	0.246594	0.236178	0.280612	0.255472	0.302886	0.237625	0.256532	0.299285	0.237213	0.282855	0.257703	0.254676	0.255156	0.244898	0.241848	0.247853	0.258146	0.280293	0.290087	0.265580	0.282903	0.275408	0.295653	0.258036	0.246897	0.298108	0.252106	0.273441	0.286865	0.255982	0.320322	0.285441	0.249629	0.258391	0.262288	0.287282	0.295572	0.283565	0.245075	0.289757	0.274234	0.254308	0.253393	0.290674	0.254808	0.285550	0.283690	0.276162	0.283227	0.286673	0.281550	0.290194	0.236286	0.291017	0.280635	0.247624	0.243009	0.288111	0.277194	0.280872	0.279158	0.243486	0.276632	0.248062	0.277097	0.249832	0.261882	0.277902	0.283304	0.271259	0.275715	0.246205	0.277867	0.247114	0.246413	
0.259673	0.296300	0.245104	0.288101	0.255711	0.242493	0.280345	0.287138	0.247560	0.281215	0.275850	0.302300	0.241742	0.000000	0.248735	0.254385	0.241348	0.249305	0.289724	0.289849	0.277333	0.276138	0.297599	0.278812	0.290330	0.282487	0.287606	0.277578	0.289121	0.281722	0.271745	0.263281	0.280883	0.297868	0.280459	0.294657	0.254067	0.286929	0.289747	0.281398	0.276377	0.282054	0.297980	0.278789	0.287995	0.291773	0.271061	0.254009	0.245309	0.270995	0.294625	0.285006	0.281118	0.251101	0.252944	0.259881	0.284137	0.282391	0.286175	0.284850	0.289560	0.279468	0.284328	0.285995	0.255926	0.283019	0.296877	0.252621	0.309265	0.286379	0.248646	0.288202	0.274096	0.299208	0.289492	0.284044	0.289130	0.301370	0.301199	0.256799	0.278070	0.296124	0.284775	0.302910	0.290001	0.288213	0.297204	0.289234	0.297151	0.299502	0.286429	0.243520	0.292617	0.281694	0.300350	0.291830	0.292484	0.289482	0.247834	0.286563	0.247758	0.257907	0.254319	0.274595	0.240087	0.290050	0.254608	0.297571	0.246223	0.309613	0.252729	0.247786	0.293097	0.258973	0.243490	0.243603	0.241742	0.245889	0.247015	0.286170	0.234228	0.249591	0.255776	0.233686	0.283616	0.246600	0.298784	0.241297	0.266931	0.291590	0.251481	0.279924	0.256173	0.252713	0.262145	0.240786	0.245342	0.250435	0.256798	0.281481	0.285095	0.283256	0.291438	0.274049	0.289128	0.262283	0.238068	0.295340	0.255859	0.253369	0.283817	0.248708	0.322285	0.286167	0.249700	0.260337	0.261223	0.289706	0.302099	0.280988	0.252452	0.288478	0.284872	0.259066	0.257957	0.294312	0.259928	0.290638	0.287780	0.282057	0.270952	0.288055	0.286785	0.291130	0.251671	0.287394	0.285108	0.253023	0.247395	0.276267	0.283198	0.282274	0.281000	0.250971	0.278398	0.254534	0.274894	0.249314	0.267262	0.280367	0.284078	0.271218	0.285634	0.254121	0.284298	0.247894	0.256943	
0.253049	0.284127	0.238553	0.280032	0.250302	0.243213	0.273223	0.275924	0.237301	0.273110	0.268535	0.293377	0.239506	0.248735	0.000000	0.223155	0.242255	0.230233	0.278872	0.283940	0.263345	0.277972	0.284502	0.273842	0.268394	0.271286	0.269783	0.269003	0.279100	0.277667	0.255143	0.268336	0.270991	0.279610	0.281454	0.278769	0.249299	0.283692	0.275415	0.271907	0.273515	0.275145	0.299215	0.273915	0.288537	0.274968	0.268088	0.255290	0.243685	0.279817	0.292059	0.282402	0.275308	0.249844	0.249561	0.258942	0.284414	0.285389	0.286140	0.286587	0.293113	0.272036	0.275973	0.293064	0.238508	0.290705	0.299591	0.256189	0.283815	0.285966	0.244706	0.287698	0.266517	0.300254	0.295006	0.294335	0.298263	0.284848	0.298060	0.253104	0.278517	0.295095	0.273599	0.300056	0.290056	0.297709	0.292022	0.288445	0.300926	0.305696	0.275762	0.266475	0.291200	0.291426	0.288226	0.284968	0.281261	0.281732	0.261129	0.282351	0.241327	0.250457	0.248442	0.272232	0.234348	0.294261	0.238513	0.301289	0.249244	0.321779	0.252721	0.271829	0.282129	0.255411	0.245563	0.244142	0.237243	0.239429	0.244079	0.282459	0.226799	0.235552	0.257843	0.220901	0.283439	0.227832	0.308107	0.222443	0.252854	0.289801	0.243104	0.280718	0.266798	0.242976	0.243020	0.250756	0.254081	0.238888	0.249039	0.282806	0.293471	0.264246	0.282379	0.263669	0.286127	0.246465	0.249944	0.297389	0.245182	0.255276	0.281442	0.235397	0.319838	0.281797	0.243476	0.245448	0.243807	0.282103	0.286792	0.276933	0.252194	0.290673	0.277086	0.246540	0.243462	0.291546	0.251016	0.295041	0.280706	0.275330	0.275191	0.282759	0.280450	0.291367	0.244233	0.285430	0.277749	0.254261	0.244164	0.272389	0.286937	0.273754	0.278473	0.251002	0.276341	0.259838	0.267973	0.248161	0.262965	0.273664	0.283740	0.266632	0.284492	0.243761	0.286027	0.242420	0.250821	
0.251405	0.287891	0.244641	0.283985	0.260854	0.237582	0.278140	0.275943	0.249561	0.273464	0.266682	0.289647	0.238964	0.254385	0.223155	0.000000	0.242898	0.244654	0.279719	0.282277	0.259118	0.283502	0.283051	0.271304	0.275207	0.264740	0.274846	0.271150	0.280488	0.276551	0.268384	0.269403	0.272849	0.289216	0.275818	0.282877	0.252213	0.278824	0.277119	0.263040	0.273069	0.274867	0.292247	0.284408	0.295937	0.288891	0.277561	0.269032	0.244296	0.282544	0.290553	0.285998	0.281374	0.259024	0.252075	0.252626	0.281970	0.284092	0.284493	0.284767	0.285348	0.272428	0.283164	0.283261	0.249971	0.290442	0.302922	0.269354	0.296907	0.294131	0.241815	0.294948	0.282457	0.305387	0.291836	0.284187	0.312139	0.286657	0.291818	0.252745	0.268662	0.299930	0.282678	0.292781	0.289211	0.291080	0.304426	0.295258	0.291160	0.300831	0.284184	0.264038	0.298325	0.289077	0.297452	0.287126	0.287275	0.283957	0.257646	0.285278	0.247672	0.252582	0.237929	0.278194	0.246788	0.288186	0.248390	0.307448	0.243777	0.313933	0.248947	0.261922	0.283984	0.263307	0.221374	0.243093	0.237122	0.246445	0.232096	0.285249	0.238894	0.245477	0.254803	0.237689	0.281897	0.244180	0.298793	0.241935	0.253408	0.293853	0.244143	0.280964	0.264502	0.252727	0.260521	0.240263	0.248972	0.247100	0.253378	0.281546	0.279130	0.248408	0.272690	0.268345	0.280339	0.262796	0.252311	0.296251	0.259555	0.262941	0.271730	0.248195	0.317729	0.284262	0.262634	0.256061	0.253545	0.281848	0.287753	0.279924	0.251680	0.282222	0.278369	0.251224	0.247176	0.283498	0.248883	0.294643	0.289179	0.279509	0.280424	0.290614	0.289211	0.293186	0.245040	0.289062	0.283502	0.255034	0.255586	0.280240	0.281416	0.282669	0.284031	0.257263	0.286018	0.269454	0.284183	0.251158	0.261384	0.285074	0.282345	0.261079	0.280718	0.248495	0.278742	0.260053	0.260438	
0.240695	0.286005	0.224766	0.290348	0.240212	0.237765	0.280223	0.282783	0.236550	0.273653	0.274475	0.291130	0.242845	0.241348	0.242255	0.242898	0.000000	0.248403	0.289201	0.287287	0.268361	0.290589	0.295469	0.281739	0.280234	0.277490	0.284478	0.276668	0.284977	0.277974	0.265367	0.260503	0.276298	0.288920	0.289225	0.288692	0.240247	0.278303	0.272678	0.276204	0.270789	0.284717	0.298813	0.278425	0.292752	0.288327	0.274888	0.249913	0.248707	0.280230	0.296328	0.290038	0.281895	0.244943	0.241259	0.253577	0.287521	0.291857	0.295422	0.290613	0.290857	0.275638	0.283039	0.287798	0.242840	0.294177	0.306270	0.252506	0.307890	0.292111	0.242687	0.289617	0.280450	0.307812	0.302239	0.294678	0.307228	0.311026	0.307226	0.264767	0.275730	0.309234	0.286851	0.295825	0.296118	0.294007	0.292724	0.292891	0.291266	0.305854	0.296218	0.269703	0.293830	0.296578	0.297921	0.296639	0.294262	0.280909	0.234051	0.290992	0.244846	0.237245	0.240393	0.284151	0.238324	0.297484	0.234251	0.306516	0.257510	0.305947	0.249863	0.252360	0.281149	0.257151	0.227692	0.240683	0.227910	0.253003	0.233549	0.286367	0.228338	0.238653	0.261176	0.238498	0.285695	0.243606	0.299945	0.234865	0.245422	0.290663	0.243707	0.284638	0.250419	0.241880	0.249520	0.243459	0.245541	0.251792	0.256060	0.281416	0.277407	0.261008	0.289935	0.271501	0.286934	0.249054	0.242636	0.291558	0.238339	0.253601	0.265322	0.241842	0.317745	0.284816	0.239532	0.247098	0.237336	0.286313	0.295445	0.280353	0.245241	0.287379	0.280008	0.241364	0.239954	0.297175	0.247466	0.286504	0.291731	0.279491	0.280763	0.297169	0.286168	0.295262	0.236136	0.290188	0.291357	0.244979	0.240080	0.281145	0.288413	0.287802	0.280821	0.241060	0.286096	0.250267	0.294623	0.243445	0.276831	0.278495	0.292022	0.269301	0.291047	0.237138	0.289751	0.241862	0.252255	
0.242232	0.291142	0.238545	0.278923	0.257973	0.240556	0.270882	0.271703	0.249938	0.267993	0.265998	0.287083	0.241321	0.249305	0.230233	0.244654	0.248403	0.000000	0.282374	0.281087	0.265417	0.279007	0.280675	0.269877	0.274708	0.264998	0.273567	0.271209	0.282158	0.275898	0.266043	0.272814	0.270141	0.280163	0.279953	0.285003	0.246887	0.276384	0.269561	0.268000	0.276931	0.274603	0.297791	0.269664	0.293173	0.276772	0.273679	0.248479	0.242156	0.271031	0.289020	0.279507	0.276912	0.241049	0.251123	0.249388	0.284882	0.274167	0.273371	0.284045	0.281768	0.277805	0.271613	0.282316	0.237262	0.277644	0.292241	0.245100	0.284491	0.281916	0.238617	0.281581	0.268951	0.297569	0.289792	0.284166	0.295836	0.293132	0.310848	0.242646	0.269606	0.290040	0.286357	0.302510	0.298484	0.283960	0.293826	0.288118	0.293373	0.295876	0.277483	0.246057	0.287231	0.284670	0.289199	0.281909	0.301949	0.282065	0.250497	0.276923	0.227696	0.243840	0.247225	0.280297	0.232742	0.282640	0.250823	0.286286	0.242391	0.316744	0.238024	0.258773	0.279037	0.259353	0.236669	0.246571	0.239822	0.232862	0.235436	0.287935	0.231249	0.248030	0.251951	0.228235	0.277571	0.235250	0.294683	0.227909	0.238740	0.282644	0.233856	0.278168	0.254093	0.250953	0.255932	0.235699	0.246234	0.237664	0.245184	0.273403	0.270920	0.256274	0.284876	0.268254	0.282167	0.245450	0.246708	0.284959	0.251266	0.239198	0.271872	0.232528	0.317943	0.271511	0.243482	0.247557	0.248937	0.270479	0.289342	0.270035	0.251184	0.277499	0.278252	0.252240	0.244346	0.294286	0.246315	0.275079	0.276562	0.267866	0.281091	0.280638	0.275562	0.288722	0.244112	0.288012	0.284300	0.251258	0.245786	0.290249	0.283645	0.280266	0.273265	0.249220	0.269158	0.259124	0.282958	0.245951	0.265898	0.272934	0.275969	0.265639	0.285083	0.249967	0.278733	0.244079	0.254521	
0.295614	0.280915	0.283984	0.274467	0.288923	0.283128	0.265570	0.274463	0.282854	0.269923	0.253359	0.259532	0.278523	0.289724	0.278872	0.279719	0.289201	0.282374	0.000000	0.267786	0.263528	0.269787	0.272170	0.260717	0.272988	0.254398	0.256752	0.260227	0.260262	0.265669	0.274034	0.277106	0.268430	0.273043	0.259227	0.276418	0.281340	0.264470	0.270813	0.271516	0.263837	0.266487	0.281260	0.281784	0.290541	0.267814	0.277215	0.293778	0.283268	0.275732	0.273145	0.286141	0.283590	0.281016	0.283656	0.284088	0.280365	0.268511	0.286003	0.274227	0.277022	0.276781	0.275684	0.285446	0.290057	0.276101	0.283678	0.287987	0.284700	0.287877	0.276968	0.274718	0.273249	0.276180	0.273057	0.278908	0.280882	0.283486	0.289027	0.279214	0.303691	0.283111	0.260751	0.271110	0.270524	0.269875	0.277479	0.255518	0.283639	0.271146	0.270393	0.282242	0.281690	0.269737	0.282432	0.277210	0.269317	0.275899	0.283832	0.254053	0.293159	0.291294	0.289717	0.265724	0.292062	0.272546	0.290499	0.257416	0.285540	0.279956	0.303442	0.303386	0.272349	0.295830	0.284965	0.289582	0.281688	0.274781	0.286440	0.258193	0.271042	0.268538	0.288799	0.279412	0.249732	0.293142	0.259385	0.287900	0.282074	0.271365	0.280000	0.270725	0.301675	0.290835	0.281767	0.272525	0.299803	0.275526	0.286899	0.264858	0.272425	0.301459	0.266170	0.272436	0.268227	0.285694	0.290262	0.271975	0.284560	0.309627	0.329337	0.275672	0.273368	0.276493	0.285133	0.290670	0.283700	0.267194	0.266577	0.271031	0.286776	0.279164	0.270752	0.297096	0.286376	0.272378	0.291080	0.275071	0.269757	0.286879	0.276561	0.279748	0.275792	0.279722	0.272503	0.279517	0.273233	0.279807	0.289254	0.258720	0.276664	0.275962	0.267980	0.281169	0.282363	0.292808	0.269760	0.293047	0.273676	0.272433	0.280596	0.276540	0.280970	0.287539	0.276225	0.280504	0.275170	
0.285329	0.278577	0.275367	0.279704	0.299922	0.285308	0.276154	0.272451	0.276567	0.263084	0.268066	0.270741	0.282707	0.289849	0.283940	0.282277	0.287287	0.281087	0.267786	0.000000	0.272699	0.266106	0.269898	0.264512	0.268912	0.257074	0.276466	0.261169	0.280112	0.269974	0.265128	0.272450	0.274810	0.279099	0.258917	0.268147	0.286015	0.261949	0.272941	0.252164	0.271619	0.265541	0.278464	0.273393	0.276070	0.255878	0.267773	0.285585	0.283393	0.279695	0.256207	0.272765	0.272934	0.276996	0.288501	0.291702	0.269286	0.274373	0.259898	0.265094	0.284829	0.259430	0.253010	0.275927	0.289680	0.266275	0.274632	0.288834	0.265169	0.274190	0.277676	0.272323	0.262712	0.274783	0.262608	0.272258	0.272535	0.249957	0.271638	0.289495	0.277721	0.271701	0.263399	0.265404	0.257870	0.251833	0.260525	0.263581	0.271814	0.279449	0.250718	0.289359	0.256505	0.275962	0.273135	0.264032	0.260557	0.265309	0.293037	0.257921	0.286556	0.285169	0.289310	0.264363	0.277487	0.256301	0.305029	0.271758	0.291413	0.299152	0.285150	0.300182	0.280357	0.311411	0.285306	0.281767	0.275045	0.277744	0.297011	0.244421	0.282969	0.280082	0.291523	0.281163	0.264085	0.301884	0.265383	0.287177	0.285208	0.271905	0.279493	0.258856	0.301053	0.280825	0.288060	0.280733	0.297129	0.289710	0.292831	0.265704	0.266165	0.301408	0.268725	0.265178	0.272707	0.278597	0.282895	0.285183	0.281965	0.303951	0.334649	0.280682	0.279794	0.283609	0.284059	0.291495	0.291192	0.270559	0.261135	0.265117	0.281715	0.284364	0.268781	0.289409	0.283702	0.278291	0.279247	0.295791	0.273444	0.275310	0.270050	0.269774	0.264444	0.279279	0.273244	0.281327	0.270878	0.279769	0.286067	0.263614	0.266529	0.259132	0.271871	0.278707	0.280704	0.288745	0.271853	0.286828	0.269923	0.263532	0.268773	0.260193	0.268335	0.286924	0.272964	0.288360	0.286596	
0.258883	0.256250	0.253689	0.261483	0.265774	0.252913	0.253424	0.256621	0.256625	0.245064	0.232853	0.262035	0.267115	0.277333	0.263345	0.259118	0.268361	0.265417	0.263528	0.272699	0.000000	0.257635	0.265058	0.252995	0.240612	0.240877	0.251068	0.246274	0.258264	0.250431	0.248410	0.246611	0.240260	0.253998	0.245998	0.258210	0.253152	0.241436	0.241773	0.244725	0.250539	0.247938	0.284980	0.268153	0.278662	0.277131	0.261041	0.280023	0.267212	0.269637	0.275550	0.262926	0.269329	0.261358	0.266756	0.279095	0.276407	0.279190	0.277602	0.274776	0.277850	0.260029	0.275034	0.276051	0.270428	0.273052	0.279064	0.271575	0.272685	0.275610	0.261552	0.275581	0.259005	0.274655	0.283047	0.274926	0.285854	0.285154	0.289070	0.266980	0.279212	0.285136	0.280359	0.275727	0.275700	0.288062	0.289009	0.283772	0.276668	0.296273	0.276386	0.272283	0.280685	0.274333	0.288102	0.275748	0.274434	0.251677	0.265982	0.254123	0.264957	0.269705	0.265835	0.274482	0.263587	0.269970	0.293144	0.288962	0.276453	0.271592	0.267037	0.298092	0.251188	0.283511	0.266456	0.266168	0.265254	0.269849	0.274591	0.257516	0.255494	0.264921	0.272867	0.271080	0.264051	0.290328	0.264549	0.259332	0.273072	0.280343	0.265805	0.254945	0.285193	0.276023	0.265120	0.257917	0.270613	0.260277	0.274561	0.259046	0.252734	0.292113	0.255325	0.249882	0.253116	0.259926	0.277356	0.271647	0.269704	0.284106	0.297508	0.266618	0.303214	0.261799	0.266267	0.263828	0.259313	0.262733	0.260807	0.245031	0.258534	0.252064	0.239568	0.264161	0.264336	0.263661	0.266307	0.271345	0.259680	0.268710	0.262186	0.275151	0.270773	0.281392	0.260259	0.267554	0.276485	0.271388	0.259990	0.274003	0.270084	0.267292	0.272224	0.266160	0.274445	0.278297	0.273961	0.267538	0.262452	0.262797	0.263846	0.261224	0.278236	0.267972	0.281292	0.265071	0.266044	
0.277484	0.265574	0.272987	0.263719	0.283674	0.271214	0.264171	0.269145	0.268363	0.259086	0.256161	0.260333	0.279636	0.276138	0.277972	0.283502	0.290589	0.279007	0.269787	0.266106	0.257635	0.000000	0.259966	0.253631	0.260466	0.251930	0.253427	0.248330	0.269102	0.252887	0.263014	0.264243	0.263307	0.270725	0.253352	0.260251	0.263886	0.255286	0.261626	0.251558	0.257779	0.258849	0.290785	0.272768	0.286440	0.275855	0.264598	0.289429	0.283579	0.269620	0.275673	0.277616	0.277795	0.283717	0.285968	0.293780	0.275791	0.283021	0.279177	0.282393	0.280446	0.270017	0.276964	0.281499	0.286639	0.274130	0.289971	0.287755	0.283750	0.281465	0.275240	0.294033	0.276850	0.278993	0.282523	0.288485	0.288342	0.294643	0.292092	0.279994	0.293844	0.278245	0.278033	0.288435	0.288474	0.285410	0.290936	0.279953	0.296723	0.295003	0.278582	0.283732	0.285558	0.273844	0.292613	0.278205	0.273136	0.267280	0.289304	0.264107	0.281114	0.286262	0.286084	0.279509	0.278778	0.266202	0.298490	0.275764	0.288877	0.251103	0.279913	0.293822	0.253162	0.292284	0.283558	0.277927	0.283881	0.282515	0.291373	0.253126	0.271312	0.279922	0.292387	0.277569	0.265843	0.301284	0.256396	0.286001	0.295837	0.269346	0.281611	0.274831	0.292176	0.291406	0.293247	0.279471	0.281541	0.276123	0.288277	0.269913	0.253562	0.301215	0.274595	0.261114	0.254370	0.276797	0.291277	0.259365	0.284152	0.286088	0.315747	0.282051	0.283668	0.260467	0.273464	0.273244	0.277116	0.260631	0.258835	0.262345	0.283975	0.255230	0.264521	0.282474	0.275444	0.279695	0.282808	0.277159	0.265654	0.278859	0.280490	0.281945	0.280728	0.282586	0.280404	0.282310	0.285177	0.286865	0.276073	0.287379	0.277176	0.277534	0.281488	0.282249	0.287204	0.290972	0.281643	0.280016	0.279764	0.272689	0.281800	0.265800	0.287990	0.282628	0.286137	0.280912	0.284634	
