1.0000 0.4768 0.4768 0.4358 0.4207 0.4525 0.4394 0.4300 0.4618 0.4479 0.4231 0.4752 0.4876 0.4466 0.4261 0.4656 0.4571 0.4303 0.4733 0.4212
0.4768 1.0000 1.0000 0.4424 0.4548 0.4506 0.5007 0.4832 0.4840 0.4659 0.4818 0.4681 0.5454 0.5084 0.4930 0.4728 0.4662 0.4600 0.4943 0.4945
0.4768 1.0000 1.0000 0.4424 0.4548 0.4506 0.5007 0.4832 0.4840 0.4659 0.4818 0.4681 0.5454 0.5084 0.4930 0.4728 0.4662 0.4600 0.4943 0.4945
0.4358 0.4424 0.4424 1.0000 0.4805 0.4245 0.4987 0.4549 0.5341 0.4419 0.4627 0.4758 0.4880 0.4722 0.4373 0.4476 0.4371 0.4452 0.4483 0.4556
0.4207 0.4548 0.4548 0.4805 1.0000 0.4262 0.4692 0.4375 0.4857 0.4495 0.5069 0.4323 0.4703 0.4574 0.5112 0.4746 0.4428 0.4305 0.4590 0.4932
0.4525 0.4506 0.4506 0.4245 0.4262 1.0000 0.4424 0.4649 0.4416 0.4639 0.4118 0.4366 0.4302 0.4156 0.4833 0.4385 0.4349 0.4434 0.4388 0.3928
0.4394 0.5007 0.5007 0.4987 0.4692 0.4424 1.0000 0.5106 0.4749 0.4906 0.4905 0.4593 0.4787 0.4697 0.4912 0.5203 0.4782 0.4807 0.4485 0.4616
0.4300 0.4832 0.4832 0.4549 0.4375 0.4649 0.5106 1.0000 0.4402 0.4775 0.4663 0.4542 0.5157 0.5489 0.4627 0.4700 0.5690 0.4899 0.5242 0.4637
0.4618 0.4840 0.4840 0.5341 0.4857 0.4416 0.4749 0.4402 1.0000 0.4451 0.4817 0.5417 0.4842 0.4551 0.4393 0.4466 0.4809 0.4453 0.5025 0.4772
0.4479 0.4659 0.4659 0.4419 0.4495 0.4639 0.4906 0.4775 0.4451 1.0000 0.4782 0.4572 0.4778 0.4469 0.4515 0.4957 0.4686 0.4760 0.4847 0.4415
0.4231 0.4818 0.4818 0.4627 0.5069 0.4118 0.4905 0.4663 0.4817 0.4782 1.0000 0.4773 0.5011 0.4345 0.4608 0.5017 0.4389 0.4323 0.4608 0.5092
0.4752 0.4681 0.4681 0.4758 0.4323 0.4366 0.4593 0.4542 0.5417 0.4572 0.4773 1.0000 0.5223 0.4432 0.4491 0.4536 0.4468 0.4429 0.4869 0.4587
0.4876 0.5454 0.5454 0.4880 0.4703 0.4302 0.4787 0.5157 0.4842 0.4778 0.5011 0.5223 1.0000 0.5598 0.4722 0.4887 0.4994 0.4627 0.5604 0.4913
0.4466 0.5084 0.5084 0.4722 0.4574 0.4156 0.4697 0.5489 0.4551 0.4469 0.4345 0.4432 0.5598 1.0000 0.4594 0.4422 0.5217 0.4719 0.5408 0.4756
0.4261 0.4930 0.4930 0.4373 0.5112 0.4833 0.4912 0.4627 0.4393 0.4515 0.4608 0.4491 0.4722 0.4594 1.0000 0.4535 0.4335 0.4543 0.4328 0.4547
0.4656 0.4728 0.4728 0.4476 0.4746 0.4385 0.5203 0.4700 0.4466 0.4957 0.5017 0.4536 0.4887 0.4422 0.4535 1.0000 0.4808 0.4454 0.4521 0.4721
0.4571 0.4662 0.4662 0.4371 0.4428 0.4349 0.4782 0.5690 0.4809 0.4686 0.4389 0.4468 0.4994 0.5217 0.4335 0.4808 1.0000 0.4471 0.5412 0.4415
0.4303 0.4600 0.4600 0.4452 0.4305 0.4434 0.4807 0.4899 0.4453 0.4760 0.4323 0.4429 0.4627 0.4719 0.4543 0.4454 0.4471 1.0000 0.4487 0.4546
0.4733 0.4943 0.4943 0.4483 0.4590 0.4388 0.4485 0.5242 0.5025 0.4847 0.4608 0.4869 0.5604 0.5408 0.4328 0.4521 0.5412 0.4487 1.0000 0.4721
0.4212 0.4945 0.4945 0.4556 0.4932 0.3928 0.4616 0.4637 0.4772 0.4415 0.5092 0.4587 0.4913 0.4756 0.4547 0.4721 0.4415 0.4546 0.4721 1.0000
