1.0000	0.5348	0.5845	0.4371	0.4618	0.4448	0.4448	0.4157	0.6189	0.5561	0.4771	0.3805	0.4813	0.5562	0.4662	0.4590	0.6431	0.4707	0.5309	0.4596
0.5348	1.0000	0.5368	0.4389	0.4982	0.4257	0.4257	0.4408	0.6140	0.5012	0.4434	0.4697	0.4928	0.5926	0.5194	0.5457	0.5771	0.4628	0.5217	0.4929
0.5845	0.5368	1.0000	0.5080	0.4272	0.3720	0.3720	0.3934	0.5269	0.4718	0.5281	0.3919	0.4505	0.4912	0.4357	0.4224	0.5499	0.4329	0.5029	0.4041
0.4371	0.4389	0.5080	1.0000	0.4924	0.4570	0.4570	0.5253	0.4607	0.4192	0.5972	0.3956	0.4359	0.4946	0.4657	0.4331	0.4468	0.4858	0.5273	0.4565
0.4618	0.4982	0.4272	0.4924	1.0000	0.4738	0.4738	0.5043	0.4997	0.4214	0.4901	0.3868	0.4288	0.5830	0.5192	0.4638	0.5148	0.4913	0.5111	0.4506
0.4448	0.4257	0.3720	0.4570	0.4738	1.0000	1.0000	0.5000	0.4770	0.4076	0.4643	0.3380	0.5173	0.5146	0.4711	0.4605	0.5045	0.4175	0.4613	0.4920
0.4448	0.4257	0.3720	0.4570	0.4738	1.0000	1.0000	0.5000	0.4770	0.4076	0.4643	0.3380	0.5173	0.5146	0.4711	0.4605	0.5045	0.4175	0.4613	0.4920
0.4157	0.4408	0.3934	0.5253	0.5043	0.5000	0.5000	1.0000	0.4535	0.4143	0.5634	0.3674	0.4029	0.5505	0.4555	0.5266	0.4340	0.4725	0.5111	0.4418
0.6189	0.6140	0.5269	0.4607	0.4997	0.4770	0.4770	0.4535	1.0000	0.5557	0.4953	0.4458	0.5783	0.6253	0.4814	0.5136	0.6654	0.5039	0.5445	0.4841
0.5561	0.5012	0.4718	0.4192	0.4214	0.4076	0.4076	0.4143	0.5557	1.0000	0.4402	0.3612	0.4115	0.4991	0.4211	0.4244	0.5354	0.4218	0.5079	0.4162
0.4771	0.4434	0.5281	0.5972	0.4901	0.4643	0.4643	0.5634	0.4953	0.4402	1.0000	0.3978	0.4600	0.5400	0.4259	0.4881	0.4853	0.4807	0.4987	0.4322
0.3805	0.4697	0.3919	0.3956	0.3868	0.3380	0.3380	0.3674	0.4458	0.3612	0.3978	1.0000	0.3643	0.4439	0.3811	0.4661	0.4148	0.4447	0.4109	0.4238
0.4813	0.4928	0.4505	0.4359	0.4288	0.5173	0.5173	0.4029	0.5783	0.4115	0.4600	0.3643	1.0000	0.5330	0.4187	0.4499	0.5095	0.4235	0.4334	0.5076
0.5562	0.5926	0.4912	0.4946	0.5830	0.5146	0.5146	0.5505	0.6253	0.4991	0.5400	0.4439	0.5330	1.0000	0.5409	0.5620	0.6135	0.5121	0.5237	0.5113
0.4662	0.5194	0.4357	0.4657	0.5192	0.4711	0.4711	0.4555	0.4814	0.4211	0.4259	0.3811	0.4187	0.5409	1.0000	0.4466	0.4970	0.4656	0.4571	0.4507
0.4590	0.5457	0.4224	0.4331	0.4638	0.4605	0.4605	0.5266	0.5136	0.4244	0.4881	0.4661	0.4499	0.5620	0.4466	1.0000	0.5110	0.4776	0.5044	0.4935
0.6431	0.5771	0.5499	0.4468	0.5148	0.5045	0.5045	0.4340	0.6654	0.5354	0.4853	0.4148	0.5095	0.6135	0.4970	0.5110	1.0000	0.4942	0.5385	0.4619
0.4707	0.4628	0.4329	0.4858	0.4913	0.4175	0.4175	0.4725	0.5039	0.4218	0.4807	0.4447	0.4235	0.5121	0.4656	0.4776	0.4942	1.0000	0.4908	0.4236
0.5309	0.5217	0.5029	0.5273	0.5111	0.4613	0.4613	0.5111	0.5445	0.5079	0.4987	0.4109	0.4334	0.5237	0.4571	0.5044	0.5385	0.4908	1.0000	0.4447
0.4596	0.4929	0.4041	0.4565	0.4506	0.4920	0.4920	0.4418	0.4841	0.4162	0.4322	0.4238	0.5076	0.5113	0.4507	0.4935	0.4619	0.4236	0.4447	1.0000
