1.0000 0.9912 0.6253 0.6253 0.6252 0.9919 0.9923 0.6253 0.6253 0.6252 0.6253 0.6257 0.9915 0.6254 0.9870 0.9895 0.9873 0.9916 0.9850 0.6255
0.9912 1.0000 0.6251 0.6252 0.6251 0.9970 0.9972 0.6251 0.6251 0.6250 0.6251 0.6256 0.9981 0.6253 0.9897 0.9939 0.9886 0.9972 0.9885 0.6253
0.6253 0.6251 1.0000 0.9963 0.9986 0.6251 0.6253 0.9979 0.9979 0.9979 0.9992 0.9930 0.6252 0.9968 0.6268 0.6259 0.6272 0.6252 0.6257 0.9950
0.6253 0.6252 0.9963 1.0000 0.9951 0.6251 0.6254 0.9979 0.9979 0.9943 0.9961 0.9947 0.6253 0.9982 0.6268 0.6260 0.6273 0.6253 0.6258 0.9976
0.6252 0.6251 0.9986 0.9951 1.0000 0.6250 0.6253 0.9967 0.9967 0.9991 0.9987 0.9920 0.6252 0.9956 0.6267 0.6259 0.6272 0.6252 0.6257 0.9938
0.9919 0.9970 0.6251 0.6251 0.6250 1.0000 0.9984 0.6251 0.6251 0.6250 0.6251 0.6256 0.9978 0.6253 0.9883 0.9924 0.9880 0.9973 0.9876 0.6253
0.9923 0.9972 0.6253 0.6254 0.6253 0.9984 1.0000 0.6253 0.6253 0.6252 0.6253 0.6258 0.9980 0.6255 0.9893 0.9931 0.9890 0.9977 0.9877 0.6255
0.6253 0.6251 0.9979 0.9979 0.9967 0.6251 0.6253 1.0000 1.0000 0.9959 0.9976 0.9943 0.6253 0.9985 0.6268 0.6260 0.6272 0.6252 0.6257 0.9968
0.6253 0.6251 0.9979 0.9979 0.9967 0.6251 0.6253 1.0000 1.0000 0.9959 0.9976 0.9943 0.6253 0.9985 0.6268 0.6260 0.6272 0.6252 0.6257 0.9968
0.6252 0.6250 0.9979 0.9943 0.9991 0.6250 0.6252 0.9959 0.9959 1.0000 0.9979 0.9913 0.6252 0.9948 0.6267 0.6259 0.6271 0.6251 0.6256 0.9930
0.6253 0.6251 0.9992 0.9961 0.9987 0.6251 0.6253 0.9976 0.9976 0.9979 1.0000 0.9928 0.6252 0.9965 0.6268 0.6259 0.6272 0.6252 0.6257 0.9948
0.6257 0.6256 0.9930 0.9947 0.9920 0.6256 0.6258 0.9943 0.9943 0.9913 0.9928 1.0000 0.6257 0.9952 0.6272 0.6264 0.6277 0.6257 0.6262 0.9961
0.9915 0.9981 0.6252 0.6253 0.6252 0.9978 0.9980 0.6253 0.6253 0.6252 0.6252 0.6257 1.0000 0.6254 0.9894 0.9935 0.9887 0.9980 0.9878 0.6254
0.6254 0.6253 0.9968 0.9982 0.9956 0.6253 0.6255 0.9985 0.9985 0.9948 0.9965 0.9952 0.6254 1.0000 0.6269 0.6261 0.6274 0.6254 0.6259 0.9979
0.9870 0.9897 0.6268 0.6268 0.6267 0.9883 0.9893 0.6268 0.6268 0.6267 0.6268 0.6272 0.9894 0.6269 1.0000 0.9939 0.9965 0.9888 0.9847 0.6270
0.9895 0.9939 0.6259 0.6260 0.6259 0.9924 0.9931 0.6260 0.6260 0.6259 0.6259 0.6264 0.9935 0.6261 0.9939 1.0000 0.9925 0.9928 0.9874 0.6261
0.9873 0.9886 0.6272 0.6273 0.6272 0.9880 0.9890 0.6272 0.6272 0.6271 0.6272 0.6277 0.9887 0.6274 0.9965 0.9925 1.0000 0.9883 0.9836 0.6274
0.9916 0.9972 0.6252 0.6253 0.6252 0.9973 0.9977 0.6252 0.6252 0.6251 0.6252 0.6257 0.9980 0.6254 0.9888 0.9928 0.9883 1.0000 0.9877 0.6254
0.9850 0.9885 0.6257 0.6258 0.6257 0.9876 0.9877 0.6257 0.6257 0.6256 0.6257 0.6262 0.9878 0.6259 0.9847 0.9874 0.9836 0.9877 1.0000 0.6259
0.6255 0.6253 0.9950 0.9976 0.9938 0.6253 0.6255 0.9968 0.9968 0.9930 0.9948 0.9961 0.6254 0.9979 0.6270 0.6261 0.6274 0.6254 0.6259 1.0000
