0.000000	0.234022	0.246407	0.244195	0.245177	0.241893	0.245087	0.244957	0.251850	0.245567	0.239579	0.246507	0.247944	0.232389	0.236315	0.244798	0.241978	0.238508	0.246039	0.248625	0.239483	0.286458	0.289908	0.282704	0.289553	0.283052	0.284781	0.271540	0.278937	0.292240	0.239055	0.242658	0.247462	0.240767	0.284492	0.285940	0.289096	0.288985	0.281003	0.255416	0.290364	0.248617	0.285895	0.278498	0.289569	0.292257	0.244570	0.250891	0.237392	0.244402	0.248245	0.279601	0.284914	0.293676	0.237645	0.281930	0.251172	0.241119	0.235864	0.235229	0.240574	0.234896	0.241059	0.284676	0.287602	0.282650	0.286592	0.282897	0.287736	0.282141	0.275464	0.291299	0.288238	0.281829	0.242235	0.237128	0.243545	0.245203	0.281954	0.282698	0.287581	0.283824	0.284179	0.285377	0.238279	0.245126	0.233990	0.246537	0.247227	0.245460	0.243511	0.238208	0.230077	0.280644	0.288508	0.295641	0.247831	0.238410	0.292160	0.295085	0.290079	0.283034	0.250985	0.282964	0.291195	0.281768	0.290972	0.275627	0.290940	0.282294	0.249182	0.239428	0.233587	0.249744	0.233440	0.243719	0.240164	0.247040	0.248266	0.245432	0.256669	0.239197	0.244486	0.245016	0.235548	0.227355	0.228814	0.248867	0.242057	0.249718	0.244837	0.245058	0.281788	0.243953	0.246354	0.231771	
0.234022	0.000000	0.246365	0.235784	0.243541	0.241628	0.254052	0.246151	0.250402	0.233974	0.241742	0.249719	0.234170	0.233129	0.246734	0.250968	0.241906	0.248109	0.229922	0.242527	0.234347	0.282402	0.287569	0.285186	0.284898	0.284325	0.279381	0.280527	0.283599	0.292895	0.248367	0.246882	0.262563	0.243687	0.291053	0.292365	0.288799	0.295141	0.279407	0.262683	0.288207	0.236015	0.287864	0.281171	0.292129	0.293347	0.249879	0.252269	0.245538	0.248005	0.250518	0.280344	0.287768	0.290312	0.230051	0.280168	0.248541	0.241435	0.244648	0.241424	0.243447	0.235663	0.243839	0.289283	0.284474	0.289771	0.293520	0.286130	0.285531	0.283943	0.288187	0.293237	0.291402	0.289712	0.245567	0.238796	0.242878	0.241845	0.293720	0.283666	0.292283	0.285393	0.280897	0.287373	0.240808	0.243934	0.240298	0.235863	0.245557	0.237060	0.244783	0.242570	0.235626	0.284768	0.286628	0.289703	0.244855	0.243178	0.289240	0.289283	0.285396	0.286318	0.242937	0.287730	0.291332	0.290255	0.286059	0.282756	0.287785	0.286360	0.245018	0.245304	0.238983	0.240333	0.248078	0.246870	0.239076	0.250161	0.250121	0.246782	0.248269	0.246371	0.250292	0.241811	0.245852	0.230661	0.172414	0.239372	0.243726	0.243963	0.245332	0.245889	0.288552	0.243902	0.243347	0.239176	
0.246407	0.246365	0.000000	0.247421	0.250912	0.256689	0.253323	0.258894	0.260697	0.249361	0.247594	0.259623	0.217681	0.249013	0.256703	0.259321	0.250176	0.257536	0.247998	0.253909	0.253064	0.281577	0.281330	0.277546	0.278637	0.280796	0.282361	0.265876	0.280283	0.290308	0.259021	0.247717	0.227023	0.254129	0.284190	0.282563	0.283401	0.287260	0.280260	0.271357	0.287639	0.251810	0.284781	0.288523	0.289164	0.291320	0.251349	0.260691	0.255714	0.255151	0.255593	0.270432	0.284585	0.282348	0.242643	0.276227	0.254235	0.250357	0.256666	0.249118	0.241136	0.249670	0.251625	0.283557	0.288430	0.279149	0.279485	0.277410	0.280954	0.280678	0.274165	0.284520	0.286835	0.284303	0.218230	0.247936	0.259732	0.251650	0.280930	0.276652	0.288464	0.279331	0.278520	0.284802	0.251161	0.251539	0.250687	0.252563	0.253751	0.251263	0.251867	0.253708	0.245426	0.285431	0.282949	0.290871	0.243697	0.257256	0.281998	0.289360	0.284401	0.283826	0.250977	0.279611	0.279187	0.279242	0.286312	0.279108	0.301482	0.280679	0.248614	0.246676	0.253394	0.250000	0.243076	0.246867	0.255350	0.253172	0.254969	0.256010	0.216553	0.241369	0.254000	0.253983	0.245892	0.249087	0.231047	0.251790	0.257262	0.249272	0.214663	0.217706	0.281022	0.253133	0.258121	0.249607	
0.244195	0.235784	0.247421	0.000000	0.234243	0.243871	0.248346	0.255271	0.237915	0.110980	0.235626	0.243131	0.245227	0.241233	0.246427	0.239578	0.237298	0.246216	0.241379	0.240837	0.246504	0.290319	0.291209	0.292470	0.294344	0.294485	0.290710	0.279969	0.291944	0.303647	0.244283	0.247211	0.256809	0.246627	0.289360	0.295471	0.292165	0.294462	0.282779	0.282808	0.300279	0.235975	0.291384	0.290985	0.297001	0.297940	0.247130	0.254173	0.241966	0.238907	0.250352	0.285595	0.300601	0.293744	0.228320	0.289595	0.251650	0.236503	0.241906	0.242773	0.234667	0.240047	0.247225	0.295066	0.293916	0.296692	0.292452	0.293022	0.291933	0.295559	0.286099	0.294612	0.291610	0.289812	0.239592	0.239254	0.241069	0.244000	0.291435	0.287999	0.296655	0.291800	0.289564	0.290418	0.253594	0.242320	0.244997	0.240872	0.253434	0.237935	0.235155	0.240756	0.240701	0.290307	0.294292	0.299964	0.237011	0.243055	0.298115	0.295438	0.301661	0.290222	0.245634	0.294203	0.287637	0.292932	0.295476	0.285342	0.307062	0.296320	0.246003	0.242145	0.233473	0.244119	0.249766	0.236078	0.245975	0.240635	0.241756	0.242500	0.255276	0.234180	0.248908	0.242537	0.236665	0.242390	0.223881	0.239144	0.244055	0.238405	0.244584	0.252187	0.295922	0.241794	0.246608	0.241412	
0.245177	0.243541	0.250912	0.234243	0.000000	0.235404	0.235611	0.252432	0.246275	0.233804	0.109852	0.241030	0.242837	0.239933	0.249085	0.243002	0.238738	0.242648	0.238194	0.242891	0.244295	0.290247	0.292862	0.293938	0.292144	0.289566	0.282699	0.282325	0.290802	0.299766	0.247097	0.242443	0.252684	0.251438	0.289914	0.290300	0.295225	0.286741	0.273517	0.264016	0.298434	0.237280	0.295785	0.292915	0.297606	0.290184	0.252025	0.255465	0.241589	0.243464	0.251367	0.286913	0.291624	0.290978	0.241028	0.284739	0.252657	0.237811	0.249362	0.242919	0.239375	0.245752	0.243148	0.286873	0.288493	0.291157	0.288367	0.289161	0.289471	0.291207	0.272523	0.296466	0.299435	0.289920	0.245558	0.241213	0.239385	0.240695	0.291505	0.290031	0.294884	0.291231	0.284940	0.291975	0.241788	0.240878	0.239817	0.245157	0.244134	0.237948	0.242090	0.241092	0.246212	0.291230	0.291284	0.297832	0.237149	0.239390	0.297730	0.293979	0.287671	0.294480	0.250722	0.289239	0.289563	0.286722	0.286789	0.277077	0.286957	0.286377	0.247719	0.245491	0.239517	0.256742	0.244462	0.244174	0.235120	0.237673	0.245176	0.244936	0.246119	0.234990	0.242433	0.238330	0.236336	0.250378	0.235955	0.243664	0.240882	0.240794	0.246799	0.243954	0.289527	0.241933	0.251113	0.244036	
0.241893	0.241628	0.256689	0.243871	0.235404	0.000000	0.245438	0.244444	0.239278	0.243037	0.240618	0.117378	0.249060	0.237535	0.248542	0.242953	0.242751	0.245188	0.234530	0.239007	0.243996	0.289266	0.287072	0.287119	0.287973	0.285909	0.283174	0.274309	0.284930	0.298701	0.253415	0.250619	0.246918	0.248688	0.294610	0.288940	0.295310	0.286296	0.290740	0.283567	0.296601	0.238930	0.291993	0.287494	0.293705	0.291780	0.242474	0.250146	0.245027	0.246643	0.246881	0.288703	0.285550	0.292378	0.234616	0.285182	0.248277	0.239423	0.237922	0.243131	0.242176	0.246969	0.249320	0.285589	0.293983	0.289142	0.288405	0.288660	0.289871	0.291806	0.297438	0.292451	0.291423	0.292553	0.248496	0.248173	0.245434	0.249016	0.286371	0.287388	0.296535	0.289310	0.283910	0.293332	0.249308	0.245328	0.249703	0.243320	0.238669	0.236804	0.239437	0.246804	0.237892	0.290209	0.292065	0.294247	0.234389	0.243358	0.294511	0.291566	0.287455	0.293221	0.245347	0.285506	0.289488	0.294801	0.289687	0.284832	0.291100	0.291951	0.249297	0.242987	0.241368	0.252499	0.239830	0.241666	0.241776	0.247980	0.237573	0.234867	0.254418	0.235521	0.244023	0.234088	0.242566	0.235825	0.232143	0.239688	0.241741	0.239578	0.251807	0.247513	0.287992	0.243881	0.246156	0.242384	
0.245087	0.254052	0.253323	0.248346	0.235611	0.245438	0.000000	0.245122	0.238633	0.249142	0.242519	0.248379	0.243025	0.239636	0.243628	0.245826	0.244323	0.245591	0.244689	0.243729	0.249973	0.293363	0.293857	0.295064	0.294334	0.299533	0.287703	0.284519	0.293204	0.303972	0.255423	0.249793	0.247486	0.245037	0.294598	0.298167	0.297354	0.287938	0.282774	0.275724	0.295737	0.252897	0.295071	0.295399	0.300211	0.297489	0.248602	0.256036	0.245130	0.247591	0.250842	0.284816	0.295042	0.294835	0.246111	0.286453	0.253374	0.243569	0.251224	0.241277	0.244576	0.253557	0.246397	0.295926	0.296543	0.293917	0.293330	0.292935	0.293086	0.296677	0.285963	0.295736	0.300345	0.294936	0.236644	0.245553	0.251891	0.245291	0.290496	0.289806	0.301577	0.294047	0.291231	0.296402	0.250636	0.244554	0.249078	0.244181	0.254457	0.244718	0.243876	0.250137	0.237902	0.294454	0.295672	0.297636	0.244364	0.249508	0.301065	0.298570	0.297038	0.299181	0.251443	0.295058	0.292464	0.293639	0.293189	0.289584	0.308440	0.300855	0.249002	0.251204	0.247423	0.248447	0.251065	0.246991	0.249369	0.244292	0.243650	0.244927	0.245300	0.237535	0.254366	0.232409	0.251384	0.243469	0.238434	0.253706	0.239290	0.247911	0.245830	0.242315	0.296011	0.248202	0.252132	0.244126	
0.244957	0.246151	0.258894	0.255271	0.252432	0.244444	0.245122	0.000000	0.247972	0.253525	0.249441	0.254788	0.256171	0.244398	0.133689	0.248839	0.245893	0.251953	0.247185	0.246706	0.242081	0.287310	0.290186	0.289683	0.285358	0.292121	0.284473	0.281781	0.294220	0.298693	0.260749	0.250192	0.251678	0.137778	0.295148	0.285714	0.295161	0.291561	0.287979	0.285714	0.292679	0.246756	0.288257	0.289535	0.297936	0.292701	0.250797	0.254123	0.247323	0.249964	0.253303	0.290026	0.285816	0.293007	0.244849	0.284780	0.239101	0.247505	0.255099	0.253584	0.247320	0.248879	0.255120	0.293674	0.286644	0.287727	0.288576	0.284780	0.287576	0.293271	0.292086	0.294220	0.295181	0.292447	0.249544	0.243500	0.256273	0.252895	0.285093	0.287828	0.295567	0.283210	0.289600	0.289336	0.254225	0.256369	0.248650	0.241814	0.246523	0.251693	0.248264	0.254780	0.241694	0.287126	0.289442	0.295041	0.245091	0.248807	0.292326	0.294101	0.296331	0.293481	0.253720	0.290701	0.291130	0.294767	0.288133	0.290094	0.293312	0.290730	0.248519	0.252208	0.246589	0.256165	0.250499	0.252603	0.252634	0.250073	0.249202	0.244874	0.255520	0.248322	0.251568	0.243638	0.244797	0.246799	0.233871	0.243950	0.247940	0.241827	0.253442	0.258865	0.291134	0.243642	0.243216	0.239326	
0.251850	0.250402	0.260697	0.237915	0.246275	0.239278	0.238633	0.247972	0.000000	0.237472	0.248260	0.237262	0.252936	0.240809	0.247349	0.126211	0.243426	0.243777	0.239665	0.248711	0.246369	0.299352	0.301985	0.300252	0.301811	0.297044	0.296197	0.293222	0.297244	0.305757	0.248209	0.245801	0.254996	0.248792	0.299563	0.298219	0.302890	0.304043	0.307324	0.302513	0.301401	0.247686	0.300552	0.299252	0.304333	0.302739	0.237342	0.252191	0.245070	0.244048	0.248367	0.292721	0.293296	0.305549	0.240745	0.298657	0.250038	0.241092	0.245094	0.237426	0.251345	0.247069	0.241332	0.295030	0.301709	0.300341	0.298791	0.295432	0.300900	0.303505	0.293351	0.304982	0.303728	0.303627	0.247306	0.240442	0.245502	0.251809	0.299429	0.295300	0.303585	0.295435	0.301157	0.299649	0.240769	0.252493	0.245857	0.247253	0.247895	0.244907	0.240613	0.244549	0.237420	0.299054	0.296592	0.308454	0.244569	0.245833	0.303607	0.301554	0.301730	0.299491	0.252540	0.296054	0.298401	0.300990	0.297562	0.293464	0.299185	0.298826	0.242207	0.239535	0.244035	0.248368	0.240928	0.247617	0.243252	0.248224	0.248129	0.247543	0.255919	0.239969	0.257227	0.252135	0.253792	0.244203	0.249097	0.250227	0.245966	0.241103	0.255937	0.261857	0.300121	0.250331	0.245622	0.241484	
0.245567	0.233974	0.249361	0.110980	0.233804	0.243037	0.249142	0.253525	0.237472	0.000000	0.243605	0.243691	0.242295	0.243717	0.249581	0.244862	0.246154	0.242320	0.240310	0.247226	0.243607	0.293980	0.291704	0.294581	0.295480	0.295054	0.289465	0.286641	0.294124	0.299499	0.245719	0.249881	0.261714	0.249223	0.294051	0.295452	0.296066	0.297579	0.288625	0.289000	0.297991	0.236352	0.290708	0.289037	0.296015	0.295337	0.244200	0.255435	0.243657	0.239224	0.253685	0.286464	0.294855	0.293310	0.233432	0.291041	0.252238	0.236180	0.237151	0.242724	0.241176	0.236239	0.245924	0.295596	0.295414	0.297745	0.292407	0.295086	0.292369	0.296921	0.280594	0.296526	0.295581	0.291911	0.243291	0.240743	0.244595	0.243489	0.290140	0.290122	0.299789	0.293733	0.294033	0.295149	0.251372	0.240722	0.249188	0.240916	0.251904	0.240755	0.237737	0.245736	0.239036	0.294137	0.297959	0.304140	0.238886	0.246202	0.297210	0.293449	0.301524	0.296035	0.246508	0.295706	0.289969	0.294229	0.294294	0.283492	0.299729	0.293915	0.244840	0.246012	0.239030	0.251799	0.246527	0.242857	0.244483	0.246578	0.241878	0.240776	0.248192	0.238850	0.248787	0.247373	0.243594	0.252659	0.242754	0.243280	0.243567	0.242784	0.246752	0.250292	0.296197	0.239253	0.246957	0.242723	
0.239579	0.241742	0.247594	0.235626	0.109852	0.240618	0.242519	0.249441	0.248260	0.243605	0.000000	0.246210	0.245448	0.235759	0.244627	0.246819	0.230678	0.240348	0.238846	0.242895	0.240976	0.293440	0.288600	0.285193	0.284127	0.285511	0.282935	0.278571	0.288616	0.305591	0.247293	0.234632	0.257834	0.245865	0.292503	0.287061	0.297571	0.286195	0.291144	0.261067	0.299716	0.244915	0.293128	0.291506	0.295442	0.294452	0.247171	0.249410	0.246132	0.240219	0.250734	0.285815	0.288030	0.291896	0.238358	0.286413	0.248763	0.248739	0.247960	0.237205	0.245253	0.241349	0.240468	0.283068	0.288324	0.291827	0.291376	0.289211	0.291783	0.291018	0.287671	0.298515	0.297634	0.284319	0.242172	0.240488	0.241409	0.243639	0.294210	0.281599	0.299339	0.293257	0.285140	0.292257	0.238010	0.246256	0.238520	0.245945	0.245913	0.234334	0.239346	0.243074	0.240070	0.291339	0.295135	0.297794	0.232631	0.238775	0.295188	0.298463	0.286334	0.292489	0.247498	0.289881	0.285963	0.285739	0.289106	0.288915	0.291896	0.290569	0.249367	0.235580	0.234757	0.248157	0.241873	0.247263	0.239620	0.243860	0.241217	0.244200	0.251351	0.230106	0.229611	0.237182	0.218651	0.239879	0.219298	0.241135	0.239388	0.242062	0.248606	0.250585	0.292820	0.246096	0.251652	0.241797	
0.246507	0.249719	0.259623	0.243131	0.241030	0.117378	0.248379	0.254788	0.237262	0.243691	0.246210	0.000000	0.252109	0.241306	0.249391	0.245119	0.240652	0.250797	0.241155	0.244831	0.243854	0.290639	0.289509	0.288085	0.290019	0.291042	0.284356	0.282675	0.289549	0.301769	0.251103	0.251779	0.253040	0.248020	0.294889	0.294046	0.299493	0.294686	0.298867	0.284855	0.298055	0.243523	0.296112	0.290972	0.288876	0.291781	0.240947	0.250059	0.243074	0.249071	0.245145	0.289812	0.293953	0.294158	0.233248	0.287274	0.251079	0.238069	0.238362	0.246118	0.246037	0.247612	0.249772	0.291194	0.295914	0.295998	0.294260	0.294085	0.293542	0.292803	0.299346	0.291405	0.295441	0.295835	0.251134	0.247598	0.242684	0.242361	0.287413	0.291079	0.297493	0.294629	0.287593	0.293470	0.246871	0.240000	0.251193	0.240471	0.247166	0.237684	0.241735	0.250604	0.240326	0.294111	0.293117	0.299879	0.239080	0.246702	0.295394	0.291317	0.292740	0.296769	0.248461	0.291695	0.294137	0.294397	0.290827	0.283816	0.292170	0.294746	0.246114	0.243549	0.243962	0.255393	0.249338	0.244256	0.250158	0.254009	0.236950	0.237663	0.260596	0.234828	0.250247	0.242661	0.244510	0.249366	0.214545	0.242328	0.239248	0.246278	0.257048	0.251846	0.292238	0.245222	0.250000	0.246605	
0.247944	0.234170	0.217681	0.245227	0.242837	0.249060	0.243025	0.256171	0.252936	0.242295	0.245448	0.252109	0.000000	0.235968	0.249861	0.250833	0.245395	0.251994	0.243664	0.251553	0.250833	0.274262	0.275905	0.275709	0.275815	0.278002	0.267590	0.272171	0.276361	0.287080	0.251842	0.246056	0.228673	0.254602	0.279133	0.272687	0.279942	0.281356	0.282906	0.241903	0.279526	0.243671	0.284215	0.277544	0.283765	0.280225	0.250776	0.256667	0.249917	0.241923	0.253464	0.271459	0.283104	0.278475	0.244001	0.272535	0.255240	0.242112	0.245996	0.251083	0.252857	0.254954	0.248708	0.274403	0.272868	0.280142	0.280369	0.281726	0.273463	0.281607	0.266812	0.278332	0.283705	0.280159	0.212649	0.250028	0.248364	0.250637	0.274392	0.276865	0.278498	0.278572	0.275874	0.277531	0.243695	0.246288	0.243208	0.248029	0.244765	0.244854	0.250415	0.250166	0.239285	0.276679	0.281319	0.284681	0.242593	0.254711	0.281430	0.283584	0.286467	0.281159	0.245744	0.277721	0.277950	0.276092	0.279836	0.270726	0.280172	0.277204	0.254060	0.247288	0.252491	0.253180	0.241226	0.244516	0.251510	0.248120	0.246607	0.252148	0.212367	0.236022	0.253026	0.247137	0.238784	0.244152	0.219331	0.251175	0.244595	0.245777	0.210795	0.216543	0.278440	0.241640	0.250967	0.240525	
0.232389	0.233129	0.249013	0.241233	0.239933	0.237535	0.239636	0.244398	0.240809	0.243717	0.235759	0.241306	0.235968	0.000000	0.247484	0.238449	0.238122	0.239654	0.234392	0.247187	0.244054	0.283976	0.287013	0.286308	0.288446	0.286648	0.284507	0.275744	0.279214	0.291287	0.242595	0.238234	0.245664	0.243052	0.289771	0.287857	0.284797	0.291642	0.276791	0.274014	0.283770	0.235350	0.284680	0.281469	0.285008	0.285402	0.247214	0.239947	0.241856	0.239696	0.238063	0.281268	0.285018	0.286031	0.238440	0.284313	0.255729	0.239038	0.244676	0.242762	0.244092	0.237218	0.244929	0.284732	0.285249	0.285021	0.285956	0.284859	0.285039	0.288993	0.285463	0.283817	0.283929	0.283745	0.239306	0.235770	0.247103	0.235863	0.280775	0.286744	0.291367	0.286309	0.279679	0.283478	0.239867	0.240868	0.234693	0.242001	0.234386	0.243383	0.235340	0.245561	0.232485	0.288099	0.288722	0.290999	0.233123	0.239456	0.291671	0.291116	0.294248	0.290077	0.238474	0.288745	0.282169	0.286697	0.283076	0.281943	0.291100	0.278980	0.241429	0.239101	0.238950	0.245122	0.233393	0.237170	0.237584	0.237771	0.237258	0.234583	0.244665	0.235089	0.244643	0.242337	0.234287	0.241519	0.221818	0.239921	0.236392	0.236497	0.239748	0.244497	0.283403	0.241902	0.246240	0.238095	
0.236315	0.246734	0.256703	0.246427	0.249085	0.248542	0.243628	0.133689	0.247349	0.249581	0.244627	0.249391	0.249861	0.247484	0.000000	0.250360	0.249682	0.243100	0.249132	0.243091	0.246704	0.291358	0.296094	0.294767	0.295163	0.294097	0.291213	0.277565	0.293465	0.299176	0.247694	0.250685	0.256438	0.119269	0.294475	0.293271	0.294033	0.293755	0.286486	0.265657	0.295400	0.244994	0.292783	0.293095	0.299492	0.299427	0.244223	0.249677	0.241056	0.247514	0.242003	0.287955	0.290846	0.293375	0.243687	0.285350	0.249419	0.245225	0.251120	0.251686	0.247402	0.245806	0.246397	0.292561	0.294020	0.290730	0.292197	0.287187	0.295028	0.295265	0.284339	0.296587	0.296803	0.295470	0.244102	0.240445	0.246354	0.245914	0.286805	0.289902	0.299503	0.293227	0.288154	0.288226	0.245402	0.249393	0.247156	0.241811	0.242465	0.246312	0.242254	0.243929	0.242893	0.292359	0.294774	0.292526	0.246004	0.244457	0.303265	0.296859	0.298392	0.295338	0.253740	0.290381	0.295467	0.290873	0.286773	0.287020	0.298039	0.293928	0.245919	0.246938	0.242962	0.261268	0.249778	0.249531	0.249208	0.247542	0.243375	0.243886	0.251136	0.246417	0.248793	0.239048	0.249410	0.250364	0.202899	0.242891	0.242541	0.237472	0.254728	0.255794	0.288316	0.241364	0.246529	0.238707	
0.244798	0.250968	0.259321	0.239578	0.243002	0.242953	0.245826	0.248839	0.126211	0.244862	0.246819	0.245119	0.250833	0.238449	0.250360	0.000000	0.241685	0.244503	0.236281	0.253876	0.244680	0.291410	0.298054	0.297383	0.297961	0.291352	0.291895	0.290076	0.289913	0.299398	0.249276	0.242773	0.254384	0.253797	0.290507	0.289494	0.299581	0.297879	0.302576	0.301925	0.295810	0.252478	0.295825	0.292629	0.297599	0.294593	0.236842	0.253864	0.244125	0.245217	0.247000	0.286252	0.292422	0.297402	0.239054	0.288820	0.251655	0.241235	0.247827	0.241660	0.252613	0.248105	0.243450	0.289053	0.293278	0.289999	0.290767	0.286329	0.291277	0.295814	0.298123	0.296040	0.295203	0.293981	0.249507	0.242993	0.244804	0.248462	0.292006	0.288671	0.297428	0.289613	0.291869	0.291708	0.241039	0.249533	0.246207	0.247247	0.241529	0.247869	0.244981	0.245633	0.237613	0.290251	0.291257	0.300739	0.242980	0.242084	0.297774	0.294664	0.296545	0.290631	0.247545	0.290687	0.289823	0.291432	0.296961	0.285193	0.307872	0.298159	0.243049	0.242448	0.244605	0.253082	0.237380	0.241762	0.248538	0.248442	0.244373	0.245932	0.256872	0.241074	0.253603	0.234679	0.241964	0.249002	0.203636	0.251563	0.246892	0.239590	0.251763	0.263333	0.295067	0.246430	0.245337	0.243878	
0.241978	0.241906	0.250176	0.237298	0.238738	0.242751	0.244323	0.245893	0.243426	0.246154	0.230678	0.240652	0.245395	0.238122	0.249682	0.241685	0.000000	0.238129	0.235170	0.250387	0.245174	0.295973	0.291856	0.287798	0.287773	0.291347	0.289060	0.279210	0.293512	0.301110	0.244563	0.232183	0.254183	0.248735	0.296053	0.291790	0.301030	0.298822	0.274392	0.264674	0.300474	0.241034	0.298119	0.291407	0.297717	0.298758	0.243498	0.247678	0.233768	0.235721	0.248816	0.285452	0.292950	0.290541	0.237121	0.283921	0.250616	0.241960	0.240841	0.234500	0.237453	0.248458	0.236846	0.292483	0.291789	0.295253	0.290863	0.291596	0.283827	0.292130	0.280835	0.299325	0.295921	0.296728	0.240825	0.242882	0.245641	0.238663	0.291227	0.292264	0.303762	0.288245	0.287569	0.297225	0.241715	0.238630	0.238443	0.242552	0.236887	0.238740	0.237547	0.247087	0.229448	0.292776	0.293118	0.295477	0.239397	0.242212	0.302028	0.296901	0.302851	0.293817	0.244880	0.293178	0.284853	0.290386	0.292580	0.278055	0.295848	0.288078	0.246434	0.231697	0.237919	0.241430	0.241852	0.240140	0.232183	0.238635	0.246729	0.244194	0.250704	0.236579	0.246382	0.241683	0.247035	0.236046	0.233463	0.236616	0.238429	0.230290	0.241632	0.250779	0.295763	0.242382	0.243766	0.235437	
0.238508	0.248109	0.257536	0.246216	0.242648	0.245188	0.245591	0.251953	0.243777	0.242320	0.240348	0.250797	0.251994	0.239654	0.243100	0.244503	0.238129	0.000000	0.231608	0.246105	0.242328	0.292825	0.289246	0.287688	0.292705	0.292755	0.290506	0.296423	0.289210	0.297684	0.248712	0.245243	0.259096	0.247094	0.293551	0.292294	0.291616	0.296966	0.290796	0.276171	0.294510	0.241769	0.293962	0.292085	0.297370	0.291726	0.242477	0.251810	0.243288	0.242312	0.250517	0.279625	0.294002	0.286334	0.241543	0.290085	0.247925	0.234856	0.239945	0.240444	0.239517	0.243231	0.244030	0.290284	0.292475	0.294053	0.291520	0.287160	0.286529	0.293024	0.280488	0.292988	0.292703	0.294745	0.244638	0.240897	0.242929	0.245587	0.284820	0.290422	0.295768	0.289006	0.291189	0.294156	0.248784	0.243753	0.239353	0.238942	0.245070	0.242397	0.243154	0.243397	0.237044	0.291964	0.293159	0.296027	0.243276	0.243255	0.298824	0.296056	0.297250	0.291773	0.251358	0.290770	0.286418	0.288808	0.287628	0.282929	0.304432	0.288837	0.244682	0.243539	0.247172	0.258550	0.243077	0.242059	0.234099	0.242623	0.245188	0.246468	0.259683	0.243993	0.247533	0.243717	0.238941	0.247367	0.237410	0.242830	0.242570	0.241297	0.254226	0.246605	0.288992	0.237997	0.247182	0.238692	
0.246039	0.229922	0.247998	0.241379	0.238194	0.234530	0.244689	0.247185	0.239665	0.240310	0.238846	0.241155	0.243664	0.234392	0.249132	0.236281	0.235170	0.231608	0.000000	0.241586	0.247998	0.287582	0.287461	0.285372	0.288092	0.291234	0.285772	0.292032	0.286821	0.297697	0.241488	0.241112	0.249092	0.243225	0.289506	0.286706	0.298800	0.290268	0.285361	0.260406	0.288595	0.236506	0.293921	0.291715	0.297602	0.289870	0.240603	0.258306	0.241187	0.243593	0.249340	0.288782	0.296404	0.293697	0.231244	0.286572	0.247326	0.236318	0.240899	0.238184	0.245039	0.245980	0.242128	0.285447	0.285296	0.294627	0.292966	0.289126	0.282994	0.291260	0.293404	0.295058	0.294175	0.287671	0.240312	0.240624	0.251997	0.246574	0.290060	0.290628	0.299615	0.288492	0.292112	0.290740	0.242901	0.247506	0.231429	0.245838	0.243258	0.232057	0.242227	0.247972	0.239909	0.289322	0.291007	0.294785	0.242977	0.244551	0.295521	0.295385	0.290224	0.288883	0.244313	0.289950	0.289774	0.294102	0.289957	0.279324	0.283381	0.287938	0.244212	0.238899	0.239410	0.246898	0.241137	0.232404	0.234136	0.241292	0.246061	0.248268	0.244729	0.234617	0.244045	0.239592	0.233187	0.245998	0.214876	0.244726	0.240585	0.243106	0.248570	0.256504	0.291377	0.241788	0.247146	0.237450	
0.248625	0.242527	0.253909	0.240837	0.242891	0.239007	0.243729	0.246706	0.248711	0.247226	0.242895	0.244831	0.251553	0.247187	0.243091	0.253876	0.250387	0.246105	0.241586	0.000000	0.246780	0.291177	0.291847	0.290478	0.293092	0.292903	0.286941	0.292220	0.289416	0.302604	0.247456	0.252216	0.254642	0.245799	0.290659	0.290773	0.291932	0.290723	0.299322	0.284284	0.297041	0.245490	0.295801	0.287868	0.290633	0.294439	0.244701	0.258506	0.244191	0.253619	0.247959	0.284468	0.292399	0.291700	0.245864	0.290951	0.245124	0.243009	0.243382	0.243519	0.245144	0.240850	0.242834	0.284002	0.287515	0.295922	0.296540	0.289847	0.290025	0.289589	0.287090	0.293368	0.294057	0.286725	0.247128	0.238380	0.241633	0.245666	0.288728	0.289277	0.296292	0.294983	0.290419	0.292115	0.243584	0.245173	0.245294	0.247938	0.250166	0.239982	0.236441	0.239667	0.238540	0.291589	0.291859	0.297809	0.241592	0.244301	0.298724	0.294312	0.292484	0.296288	0.247907	0.284635	0.289344	0.288918	0.290641	0.282878	0.299455	0.289017	0.243920	0.239285	0.245029	0.246173	0.235458	0.241342	0.246251	0.252193	0.242021	0.246578	0.255919	0.246395	0.245347	0.246325	0.238414	0.232272	0.257246	0.238468	0.247091	0.239836	0.249395	0.261667	0.292917	0.235251	0.245347	0.242550	
0.239483	0.234347	0.253064	0.246504	0.244295	0.243996	0.249973	0.242081	0.246369	0.243607	0.240976	0.243854	0.250833	0.244054	0.246704	0.244680	0.245174	0.242328	0.247998	0.246780	0.000000	0.287478	0.291634	0.290096	0.290258	0.288004	0.282648	0.287129	0.287435	0.301965	0.247575	0.247420	0.257224	0.244246	0.290764	0.289985	0.293197	0.287345	0.290213	0.287159	0.293705	0.253461	0.294991	0.285978	0.300306	0.296803	0.247991	0.245349	0.237221	0.247130	0.253738	0.284654	0.287057	0.285240	0.235703	0.285872	0.241709	0.245903	0.246372	0.238982	0.245154	0.246127	0.248063	0.291919	0.288430	0.289416	0.288972	0.289529	0.288512	0.289728	0.279263	0.296247	0.295177	0.294870	0.251338	0.238946	0.245655	0.245707	0.283528	0.287320	0.296142	0.287979	0.286977	0.286973	0.248233	0.246919	0.244888	0.246583	0.244526	0.247700	0.238200	0.249478	0.242972	0.293294	0.289538	0.298034	0.237558	0.244887	0.295492	0.289898	0.288899	0.290444	0.248046	0.292189	0.287048	0.289938	0.290166	0.278841	0.295863	0.287947	0.245815	0.236489	0.241402	0.256934	0.238727	0.237891	0.248102	0.243433	0.245116	0.243495	0.257370	0.242622	0.250212	0.253381	0.237928	0.235187	0.266423	0.245452	0.245817	0.240233	0.254988	0.262524	0.287896	0.243004	0.245882	0.240481	
0.286458	0.282402	0.281577	0.290319	0.290247	0.289266	0.293363	0.287310	0.299352	0.293980	0.293440	0.290639	0.274262	0.283976	0.291358	0.291410	0.295973	0.292825	0.287582	0.291177	0.287478	0.000000	0.219307	0.219312	0.218736	0.210203	0.216739	0.209091	0.217832	0.217847	0.288469	0.288984	0.277433	0.293568	0.216259	0.208608	0.215195	0.214805	0.216178	0.233598	0.215905	0.296524	0.209528	0.207478	0.216362	0.212254	0.293270	0.299860	0.288725	0.292346	0.289542	0.208003	0.219840	0.212715	0.283815	0.217272	0.296781	0.288962	0.293809	0.286658	0.288696	0.289806	0.293260	0.219089	0.217296	0.215878	0.211652	0.214286	0.212241	0.207290	0.215592	0.226291	0.226834	0.220704	0.278081	0.288603	0.292211	0.289621	0.213423	0.211583	0.216172	0.217143	0.217210	0.215132	0.291498	0.291708	0.276829	0.289143	0.291630	0.294349	0.291168	0.291955	0.290511	0.214113	0.212341	0.218152	0.290494	0.288728	0.209272	0.218822	0.218791	0.215107	0.286729	0.212189	0.210457	0.210463	0.217272	0.219756	0.227414	0.217066	0.284570	0.289381	0.287207	0.296606	0.291710	0.285542	0.289807	0.294209	0.292250	0.288400	0.276945	0.281984	0.293152	0.285408	0.276496	0.286339	0.289855	0.287887	0.290344	0.287866	0.278310	0.283625	0.215088	0.285441	0.297436	0.284063	
0.289908	0.287569	0.281330	0.291209	0.292862	0.287072	0.293857	0.290186	0.301985	0.291704	0.288600	0.289509	0.275905	0.287013	0.296094	0.298054	0.291856	0.289246	0.287461	0.291847	0.291634	0.219307	0.000000	0.113437	0.111666	0.215106	0.214078	0.210626	0.215205	0.220016	0.291455	0.291507	0.284391	0.295097	0.220555	0.214444	0.219048	0.220414	0.218697	0.220662	0.208205	0.295897	0.221752	0.217942	0.234272	0.206092	0.298168	0.301367	0.294163	0.293731	0.296076	0.219480	0.216310	0.223396	0.286786	0.216465	0.301179	0.292788	0.297786	0.288506	0.288361	0.292105	0.294428	0.220239	0.224652	0.223245	0.231127	0.225996	0.219898	0.213375	0.211145	0.211243	0.222660	0.213761	0.278253	0.295545	0.298115	0.287709	0.218041	0.223292	0.220884	0.220378	0.217556	0.217093	0.289836	0.286062	0.286006	0.290426	0.295172	0.291968	0.291233	0.294163	0.289187	0.219193	0.218823	0.217203	0.283693	0.292996	0.217411	0.216531	0.224752	0.219556	0.290303	0.226974	0.221965	0.216414	0.223957	0.231823	0.215037	0.227807	0.286884	0.288166	0.291849	0.294714	0.276871	0.289529	0.298852	0.298800	0.293876	0.291657	0.280516	0.286408	0.291163	0.286057	0.296898	0.279795	0.233577	0.294145	0.294170	0.291803	0.280004	0.283401	0.216303	0.285502	0.294814	0.291973	
0.282704	0.285186	0.277546	0.292470	0.293938	0.287119	0.295064	0.289683	0.300252	0.294581	0.285193	0.288085	0.275709	0.286308	0.294767	0.297383	0.287798	0.287688	0.285372	0.290478	0.290096	0.219312	0.113437	0.000000	0.110326	0.214416	0.211654	0.206936	0.215157	0.224624	0.288635	0.286542	0.273675	0.293550	0.222011	0.219493	0.219555	0.225113	0.219478	0.222555	0.212203	0.293095	0.220619	0.219021	0.229814	0.201464	0.294796	0.298168	0.293912	0.291611	0.289751	0.222467	0.215779	0.225193	0.287209	0.218355	0.298434	0.288344	0.294506	0.290248	0.290259	0.291534	0.293763	0.217310	0.216275	0.224136	0.227741	0.225675	0.222928	0.218687	0.212959	0.213637	0.217860	0.216094	0.280218	0.290737	0.296974	0.286904	0.220981	0.223294	0.220254	0.218890	0.220488	0.215600	0.283484	0.285714	0.281105	0.289260	0.294704	0.290557	0.293017	0.293757	0.290797	0.225732	0.223311	0.215925	0.284393	0.290959	0.221905	0.212857	0.222801	0.222050	0.289020	0.226665	0.219467	0.214427	0.220725	0.230518	0.214506	0.224819	0.281151	0.288967	0.290609	0.299058	0.275143	0.290941	0.293653	0.292050	0.293898	0.293105	0.279679	0.288151	0.291355	0.279384	0.292605	0.273948	0.245487	0.291445	0.290506	0.289662	0.278595	0.277585	0.216731	0.289887	0.292150	0.283251	
0.289553	0.284898	0.278637	0.294344	0.292144	0.287973	0.294334	0.285358	0.301811	0.295480	0.284127	0.290019	0.275815	0.288446	0.295163	0.297961	0.287773	0.292705	0.288092	0.293092	0.290258	0.218736	0.111666	0.110326	0.000000	0.218584	0.214689	0.209647	0.217250	0.222144	0.293667	0.288554	0.278513	0.297932	0.224003	0.219741	0.223872	0.224963	0.223737	0.215863	0.216006	0.299920	0.225151	0.219669	0.231986	0.204279	0.294763	0.302119	0.294118	0.295299	0.293010	0.225123	0.220973	0.225575	0.289740	0.222732	0.296435	0.290341	0.296425	0.292814	0.290875	0.294866	0.295675	0.219330	0.220194	0.229712	0.232711	0.229358	0.223882	0.220657	0.206280	0.213808	0.222664	0.217897	0.280911	0.292465	0.295754	0.289768	0.223474	0.222297	0.222408	0.222247	0.219485	0.218440	0.287613	0.290755	0.282430	0.291984	0.296342	0.295211	0.292345	0.291918	0.290622	0.229223	0.222496	0.220593	0.287462	0.296180	0.221379	0.220853	0.226290	0.220648	0.290334	0.224840	0.219195	0.219193	0.224380	0.227522	0.212923	0.223507	0.285646	0.291165	0.290734	0.296038	0.278027	0.289033	0.295290	0.297016	0.293669	0.293761	0.279578	0.285917	0.288797	0.280702	0.296615	0.268266	0.237037	0.294987	0.294939	0.292268	0.281991	0.283110	0.222222	0.291716	0.294026	0.285877	
0.283052	0.284325	0.280796	0.294485	0.289566	0.285909	0.299533	0.292121	0.297044	0.295054	0.285511	0.291042	0.278002	0.286648	0.294097	0.291352	0.291347	0.292755	0.291234	0.292903	0.288004	0.210203	0.215106	0.214416	0.218584	0.000000	0.209227	0.209374	0.213658	0.211385	0.296412	0.294776	0.275555	0.295434	0.209483	0.206680	0.217411	0.207157	0.213901	0.197395	0.212266	0.290651	0.210870	0.213574	0.219497	0.215660	0.295133	0.298435	0.294366	0.289701	0.295262	0.204096	0.213228	0.213088	0.282521	0.212142	0.301239	0.291481	0.297653	0.292262	0.292237	0.288826	0.294236	0.215662	0.210180	0.210334	0.214408	0.210911	0.209400	0.207169	0.214348	0.217604	0.222923	0.216223	0.279465	0.289937	0.299350	0.292769	0.212439	0.216441	0.217861	0.211011	0.211277	0.210712	0.291446	0.290113	0.284108	0.294992	0.292722	0.294575	0.294064	0.294701	0.285143	0.218344	0.217625	0.215200	0.287974	0.289690	0.212681	0.210899	0.222472	0.207630	0.286728	0.207847	0.215617	0.208310	0.209747	0.223447	0.221487	0.213731	0.286793	0.284819	0.288548	0.299513	0.286303	0.291139	0.298612	0.294510	0.293269	0.291370	0.278572	0.289641	0.288002	0.287035	0.290534	0.286729	0.280443	0.287578	0.287784	0.294471	0.280932	0.283836	0.210424	0.290445	0.299932	0.286709	
0.284781	0.279381	0.282361	0.290710	0.282699	0.283174	0.287703	0.284473	0.296197	0.289465	0.282935	0.284356	0.267590	0.284507	0.291213	0.291895	0.289060	0.290506	0.285772	0.286941	0.282648	0.216739	0.214078	0.211654	0.214689	0.209227	0.000000	0.208587	0.203726	0.217366	0.288479	0.283878	0.271900	0.292438	0.208668	0.213705	0.208431	0.207880	0.214448	0.205823	0.205688	0.289436	0.212328	0.210481	0.215483	0.211082	0.290960	0.299229	0.294609	0.290245	0.290861	0.211085	0.215745	0.215376	0.277503	0.207539	0.297872	0.284569	0.296485	0.287341	0.287929	0.282994	0.292297	0.209261	0.203733	0.215758	0.209554	0.214142	0.204290	0.214553	0.202709	0.211444	0.214045	0.209953	0.276300	0.289658	0.294996	0.284663	0.212475	0.213777	0.212000	0.207486	0.206743	0.210251	0.284170	0.283151	0.281726	0.285395	0.288529	0.289563	0.291282	0.293875	0.285587	0.208658	0.213545	0.212676	0.287475	0.283963	0.209010	0.210890	0.213158	0.211275	0.282085	0.208291	0.222173	0.209313	0.208013	0.214928	0.210012	0.210867	0.283450	0.283170	0.284604	0.289790	0.279946	0.286192	0.292128	0.290723	0.288588	0.290008	0.279405	0.281255	0.293596	0.278417	0.281703	0.272459	0.241758	0.281682	0.288421	0.292143	0.275700	0.279724	0.215610	0.291778	0.290305	0.282285	
0.271540	0.280527	0.265876	0.279969	0.282325	0.274309	0.284519	0.281781	0.293222	0.286641	0.278571	0.282675	0.272171	0.275744	0.277565	0.290076	0.279210	0.296423	0.292032	0.292220	0.287129	0.209091	0.210626	0.206936	0.209647	0.209374	0.208587	0.000000	0.215367	0.210384	0.280723	0.281959	0.278155	0.282659	0.206910	0.213636	0.208333	0.191805	0.205645	0.199288	0.213227	0.295571	0.200152	0.207480	0.217714	0.217729	0.291318	0.286879	0.269932	0.278980	0.292701	0.195131	0.210855	0.208365	0.273091	0.204554	0.295113	0.278052	0.287991	0.278011	0.277714	0.281846	0.288648	0.203795	0.213071	0.211305	0.208554	0.209788	0.203550	0.220236	0.207531	0.211502	0.216673	0.209070	0.268255	0.276154	0.290971	0.280608	0.214989	0.215152	0.212339	0.215664	0.203416	0.212879	0.277132	0.280395	0.275097	0.286695	0.274713	0.300464	0.284791	0.274554	0.274562	0.213419	0.204293	0.204787	0.279742	0.285281	0.207891	0.204151	0.212784	0.219204	0.284543	0.202882	0.210367	0.203332	0.217769	0.201673	0.219968	0.203647	0.278447	0.285009	0.283969	0.276846	0.287803	0.284574	0.286992	0.291951	0.287833	0.286692	0.266437	0.273150	0.290771	0.269471	0.276504	0.258824	0.287770	0.273676	0.285986	0.275261	0.273212	0.276806	0.209867	0.277612	0.291178	0.280230	
0.278937	0.283599	0.280283	0.291944	0.290802	0.284930	0.293204	0.294220	0.297244	0.294124	0.288616	0.289549	0.276361	0.279214	0.293465	0.289913	0.293512	0.289210	0.286821	0.289416	0.287435	0.217832	0.215205	0.215157	0.217250	0.213658	0.203726	0.215367	0.000000	0.218566	0.293330	0.289467	0.271728	0.302338	0.212475	0.213523	0.220974	0.208339	0.210869	0.214000	0.206065	0.288798	0.216563	0.213567	0.219607	0.214702	0.294150	0.292239	0.291772	0.290882	0.292659	0.209647	0.219167	0.216204	0.282481	0.211687	0.299706	0.289853	0.293214	0.286108	0.291621	0.290212	0.289939	0.209628	0.217401	0.225358	0.225600	0.228070	0.209739	0.209818	0.217882	0.216793	0.218194	0.216760	0.277525	0.287867	0.297268	0.287713	0.208860	0.206783	0.217396	0.212927	0.201611	0.210967	0.287875	0.288563	0.285355	0.287827	0.287242	0.290294	0.289265	0.294474	0.288428	0.211687	0.211013	0.210770	0.282898	0.292342	0.213711	0.220188	0.220203	0.210345	0.286816	0.215584	0.214474	0.211664	0.212241	0.215936	0.217914	0.204308	0.279509	0.287145	0.286766	0.288936	0.285250	0.290419	0.290834	0.296966	0.287262	0.285223	0.276285	0.282371	0.289619	0.274976	0.286176	0.279942	0.262774	0.288821	0.289793	0.286989	0.280229	0.284677	0.216425	0.286621	0.301352	0.287321	
0.292240	0.292895	0.290308	0.303647	0.299766	0.298701	0.303972	0.298693	0.305757	0.299499	0.305591	0.301769	0.287080	0.291287	0.299176	0.299398	0.301110	0.297684	0.297697	0.302604	0.301965	0.217847	0.220016	0.224624	0.222144	0.211385	0.217366	0.210384	0.218566	0.000000	0.298149	0.298061	0.288946	0.305190	0.220711	0.221979	0.224870	0.210747	0.212839	0.198995	0.215274	0.302926	0.215178	0.218866	0.230374	0.223223	0.305863	0.302627	0.301291	0.299670	0.299611	0.213708	0.226431	0.220883	0.290458	0.221223	0.309603	0.296544	0.302370	0.294756	0.294728	0.302720	0.299452	0.219599	0.220678	0.211066	0.212327	0.214533	0.221507	0.220985	0.205791	0.223028	0.227585	0.224257	0.291484	0.294549	0.307125	0.286801	0.220343	0.224588	0.223833	0.220830	0.212027	0.213151	0.299078	0.289880	0.292385	0.299931	0.295597	0.305441	0.300242	0.304448	0.296061	0.215806	0.212786	0.222542	0.296155	0.296646	0.219563	0.225728	0.224631	0.219968	0.289376	0.217903	0.219073	0.221710	0.222286	0.226779	0.227793	0.222076	0.297510	0.296318	0.299080	0.304924	0.292114	0.299044	0.306213	0.308563	0.300324	0.296124	0.287695	0.295611	0.300396	0.299633	0.299488	0.295616	0.278986	0.296494	0.301913	0.309162	0.291224	0.288415	0.225471	0.296945	0.302863	0.300965	
0.239055	0.248367	0.259021	0.244283	0.247097	0.253415	0.255423	0.260749	0.248209	0.245719	0.247293	0.251103	0.251842	0.242595	0.247694	0.249276	0.244563	0.248712	0.241488	0.247456	0.247575	0.288469	0.291455	0.288635	0.293667	0.296412	0.288479	0.280723	0.293330	0.298149	0.000000	0.247521	0.254910	0.247329	0.290537	0.291761	0.290863	0.294452	0.293561	0.272443	0.295697	0.244795	0.294452	0.284864	0.288672	0.292811	0.247517	0.252348	0.244350	0.241463	0.242893	0.287361	0.290381	0.291189	0.239080	0.287012	0.257602	0.243060	0.251790	0.237322	0.245947	0.240869	0.253048	0.290229	0.284853	0.290595	0.286848	0.287445	0.284834	0.287854	0.289895	0.293385	0.295929	0.290947	0.248815	0.241127	0.252074	0.246735	0.286721	0.288570	0.296254	0.290189	0.290868	0.288016	0.247051	0.241873	0.245609	0.248835	0.246648	0.240031	0.245326	0.251852	0.245751	0.292695	0.292245	0.299218	0.240809	0.240151	0.295377	0.294608	0.294923	0.293550	0.252131	0.291897	0.288922	0.293399	0.293785	0.278766	0.297197	0.293574	0.248111	0.248744	0.241559	0.250502	0.244161	0.248053	0.247978	0.249018	0.246537	0.246243	0.264724	0.250342	0.254884	0.239869	0.238140	0.241165	0.187266	0.254040	0.249309	0.237598	0.256165	0.258335	0.293247	0.245353	0.255767	0.245008	
0.242658	0.246882	0.247717	0.247211	0.242443	0.250619	0.249793	0.250192	0.245801	0.249881	0.234632	0.251779	0.246056	0.238234	0.250685	0.242773	0.232183	0.245243	0.241112	0.252216	0.247420	0.288984	0.291507	0.286542	0.288554	0.294776	0.283878	0.281959	0.289467	0.298061	0.247521	0.000000	0.252276	0.255266	0.294004	0.293280	0.289427	0.294545	0.287316	0.291022	0.291327	0.247039	0.288677	0.288757	0.295334	0.292360	0.243752	0.252444	0.248493	0.245955	0.257981	0.284149	0.293800	0.290565	0.237312	0.289514	0.248054	0.245776	0.248803	0.239749	0.240265	0.249438	0.246856	0.287596	0.288214	0.291548	0.289764	0.288498	0.291435	0.292209	0.285519	0.291992	0.294845	0.292072	0.251675	0.249788	0.250888	0.244087	0.287322	0.292368	0.299882	0.292333	0.287261	0.293009	0.247887	0.240038	0.242242	0.248282	0.249403	0.251866	0.242353	0.249763	0.246090	0.289917	0.290066	0.298456	0.246616	0.245535	0.294376	0.295733	0.289584	0.291363	0.236479	0.282683	0.290475	0.289421	0.288389	0.278533	0.303725	0.291392	0.251291	0.248228	0.245490	0.246349	0.240516	0.238185	0.243086	0.248266	0.242316	0.250446	0.250208	0.240208	0.260206	0.236783	0.247423	0.239879	0.255639	0.247292	0.245444	0.241145	0.253378	0.249808	0.291513	0.251087	0.247905	0.245019	
