0.000000	0.244039	0.252138	0.236562	0.241516	0.246010	0.244425	0.242863	0.255790	0.245269	0.247355	0.235199	0.245176	0.241531	0.244096	0.295418	0.295171	0.293103	0.292883	0.279951	0.297716	0.299832	0.243139	0.248468	0.255342	0.238556	0.304682	0.292837	0.297985	0.298973	0.289448	0.264984	0.303898	0.242506	0.300857	0.294949	0.293593	0.296598	0.246188	0.259669	0.235449	0.248954	0.241980	0.292215	0.291022	0.299329	0.241390	0.295768	0.243012	0.245570	0.238540	0.238438	0.252607	0.249009	0.236113	0.290380	0.293437	0.292837	0.297701	0.300431	0.287179	0.293858	0.252187	0.236410	0.246375	0.289528	0.295041	0.291398	0.294075	0.294964	0.297242	0.248002	0.240485	0.254511	0.249963	0.242375	0.246698	0.241319	0.235329	0.293815	0.294491	0.296204	0.243601	0.249963	0.299016	0.295924	0.305540	0.294771	0.246274	0.294355	0.293971	0.290057	0.289770	0.288912	0.248736	0.250037	0.238771	0.255102	0.234483	0.245856	0.242080	0.251617	0.255680	0.242593	0.245333	0.245047	0.233405	0.241582	0.248535	0.246858	0.249116	0.247228	0.294638	0.248623	0.251899	0.237524	
0.244039	0.000000	0.255584	0.250660	0.250931	0.254432	0.260045	0.243361	0.247818	0.241374	0.249323	0.248954	0.236572	0.244146	0.242140	0.297621	0.295190	0.293910	0.293939	0.288437	0.293871	0.300203	0.246494	0.254348	0.259757	0.250486	0.309878	0.298264	0.301556	0.308683	0.293946	0.306569	0.301216	0.240381	0.296163	0.298309	0.298685	0.297751	0.249141	0.254380	0.248396	0.247349	0.253138	0.291516	0.290335	0.294887	0.244711	0.298222	0.252578	0.250969	0.244380	0.237113	0.251866	0.245782	0.245643	0.288746	0.293109	0.295830	0.294530	0.294940	0.278067	0.295992	0.252566	0.253082	0.248733	0.299163	0.294742	0.287123	0.292344	0.294012	0.294734	0.250579	0.247155	0.242596	0.256152	0.249962	0.249217	0.250969	0.247199	0.295060	0.293130	0.296224	0.249702	0.251268	0.302437	0.295775	0.292947	0.292815	0.252881	0.292862	0.285586	0.295676	0.295065	0.283153	0.252656	0.251638	0.247632	0.249120	0.244701	0.248507	0.248538	0.253821	0.243336	0.244976	0.248086	0.248888	0.237113	0.248214	0.246457	0.241915	0.257533	0.251151	0.298619	0.244714	0.254048	0.239615	
0.252138	0.255584	0.000000	0.253576	0.255629	0.249950	0.258960	0.253263	0.220642	0.255804	0.258965	0.261395	0.255418	0.259293	0.261366	0.290774	0.286528	0.286832	0.293214	0.278612	0.290530	0.294304	0.254025	0.254885	0.230820	0.256931	0.298497	0.286372	0.290055	0.299092	0.290186	0.281076	0.293173	0.254311	0.290891	0.289977	0.295148	0.291062	0.257246	0.264826	0.258631	0.261236	0.257790	0.284292	0.288001	0.285774	0.249241	0.285114	0.266476	0.255285	0.262849	0.252601	0.249351	0.254442	0.252783	0.282704	0.291650	0.285686	0.289232	0.293070	0.276187	0.286599	0.225446	0.252664	0.247781	0.284330	0.288125	0.295727	0.288536	0.285814	0.290913	0.257523	0.258526	0.251750	0.256133	0.258824	0.259777	0.259119	0.251524	0.280532	0.291600	0.288722	0.255499	0.260930	0.293495	0.292752	0.292476	0.283369	0.258051	0.286921	0.286969	0.287827	0.291484	0.287050	0.257343	0.251870	0.256325	0.264851	0.252102	0.244782	0.254287	0.261014	0.216712	0.252023	0.264451	0.258998	0.272287	0.252281	0.258764	0.250836	0.216073	0.221468	0.289072	0.262666	0.262393	0.255800	
0.236562	0.250660	0.253576	0.000000	0.237372	0.243145	0.243997	0.232470	0.251137	0.245026	0.238030	0.236631	0.237968	0.246808	0.240090	0.297225	0.299076	0.294517	0.293064	0.286295	0.301887	0.300983	0.246461	0.246343	0.249054	0.244225	0.301478	0.292612	0.297291	0.302141	0.289424	0.266167	0.301663	0.241779	0.298378	0.296830	0.303724	0.290142	0.250938	0.251411	0.249625	0.241740	0.248460	0.294175	0.295701	0.293655	0.244251	0.294067	0.254758	0.242745	0.244189	0.239940	0.242739	0.250697	0.240739	0.289959	0.297292	0.297021	0.294275	0.298429	0.288470	0.302510	0.242658	0.243444	0.237891	0.295045	0.299367	0.292466	0.291470	0.295494	0.298325	0.245225	0.238207	0.244718	0.247182	0.240597	0.243678	0.239966	0.239455	0.295091	0.297187	0.292636	0.238602	0.242898	0.306033	0.298490	0.294749	0.290043	0.250058	0.294098	0.290371	0.292185	0.297973	0.284511	0.247986	0.241390	0.238157	0.252923	0.244266	0.249464	0.239050	0.249408	0.248007	0.231634	0.237077	0.256729	0.241516	0.242950	0.237274	0.243171	0.248171	0.247541	0.296716	0.245932	0.249225	0.247187	
0.241516	0.250931	0.255629	0.237372	0.000000	0.242560	0.238790	0.239082	0.252361	0.243439	0.244007	0.243439	0.232725	0.240513	0.241074	0.295552	0.288211	0.290979	0.290845	0.276265	0.293619	0.295242	0.247296	0.250729	0.252778	0.244579	0.303455	0.288444	0.298260	0.298435	0.292458	0.273063	0.296704	0.240992	0.295562	0.290502	0.292432	0.289154	0.237164	0.255901	0.239111	0.239473	0.249730	0.289384	0.289569	0.286671	0.237192	0.290887	0.246548	0.239309	0.237367	0.235768	0.245485	0.241988	0.240335	0.288622	0.295592	0.292695	0.291171	0.299176	0.293856	0.296179	0.250846	0.242677	0.238029	0.288408	0.292337	0.294118	0.292956	0.290653	0.292487	0.241398	0.248252	0.242650	0.246084	0.242017	0.245362	0.244896	0.238341	0.292130	0.293522	0.288776	0.243435	0.247964	0.297984	0.289768	0.288722	0.290119	0.241264	0.288009	0.284978	0.291737	0.290332	0.284145	0.247988	0.241386	0.240141	0.252278	0.238153	0.243122	0.239883	0.240255	0.255168	0.230438	0.242958	0.242438	0.239590	0.234918	0.246027	0.236671	0.250075	0.245817	0.291376	0.245363	0.251558	0.243853	
0.246010	0.254432	0.249950	0.243145	0.242560	0.000000	0.247120	0.241939	0.245674	0.246574	0.251328	0.240004	0.240346	0.243566	0.242104	0.298794	0.298171	0.291576	0.295512	0.290529	0.292649	0.301093	0.257972	0.247948	0.243256	0.243321	0.305587	0.295658	0.296484	0.293832	0.292316	0.290708	0.296865	0.255911	0.301183	0.296825	0.297591	0.290725	0.248732	0.252272	0.249180	0.245011	0.244641	0.289974	0.295017	0.294895	0.242424	0.291679	0.249751	0.247841	0.244588	0.245075	0.244934	0.247293	0.240762	0.289408	0.296153	0.296175	0.292196	0.301814	0.285483	0.297923	0.239911	0.247658	0.237075	0.295656	0.293253	0.294410	0.296326	0.297773	0.299841	0.253542	0.251231	0.242316	0.250352	0.245291	0.250670	0.250546	0.231121	0.291526	0.293440	0.291143	0.250275	0.252036	0.302416	0.299280	0.303519	0.290471	0.252615	0.296023	0.287671	0.293930	0.296098	0.288419	0.251289	0.243702	0.241515	0.251263	0.241631	0.246868	0.243742	0.247255	0.244400	0.239074	0.249739	0.237571	0.251971	0.247678	0.240386	0.238948	0.246534	0.247107	0.294918	0.246861	0.249059	0.242088	
0.244425	0.260045	0.258960	0.243997	0.238790	0.247120	0.000000	0.242186	0.255861	0.250716	0.250357	0.248283	0.238333	0.243781	0.250374	0.307248	0.303296	0.303317	0.303903	0.292111	0.302779	0.305918	0.252565	0.252323	0.253403	0.245289	0.311883	0.301755	0.310015	0.315647	0.309580	0.310409	0.307414	0.255485	0.309168	0.306347	0.303239	0.302424	0.238579	0.257384	0.243665	0.245517	0.253448	0.301242	0.309622	0.303326	0.243703	0.302952	0.247863	0.248261	0.251485	0.241187	0.255768	0.253604	0.247644	0.296805	0.306967	0.304001	0.303350	0.307496	0.309032	0.302865	0.256725	0.246317	0.249280	0.305948	0.298797	0.302554	0.300934	0.305594	0.305149	0.242906	0.246599	0.254678	0.250679	0.245235	0.250795	0.243622	0.236260	0.300408	0.304854	0.299421	0.254200	0.251467	0.310311	0.302114	0.302541	0.299789	0.253593	0.301221	0.297883	0.300289	0.301819	0.297595	0.252124	0.244541	0.245237	0.248527	0.247067	0.249602	0.243429	0.244007	0.255155	0.243383	0.258077	0.265140	0.253004	0.252195	0.247861	0.241139	0.257443	0.263606	0.307338	0.246856	0.250644	0.246716	
0.242863	0.243361	0.253263	0.232470	0.239082	0.241939	0.242186	0.000000	0.249107	0.248779	0.250915	0.239596	0.237101	0.241393	0.242066	0.297976	0.297112	0.298651	0.297595	0.286378	0.300365	0.300640	0.240112	0.250411	0.254795	0.244692	0.306382	0.294749	0.298948	0.302288	0.294383	0.294444	0.306099	0.238489	0.301587	0.294820	0.301930	0.297300	0.245986	0.251927	0.245108	0.237724	0.246752	0.296168	0.295448	0.297269	0.232258	0.295963	0.253335	0.239621	0.234207	0.243331	0.242134	0.244375	0.242832	0.290404	0.300272	0.299474	0.295927	0.303435	0.285656	0.298233	0.245091	0.236762	0.243401	0.297507	0.295571	0.297085	0.297540	0.298940	0.300040	0.246863	0.243642	0.248131	0.244216	0.237426	0.236314	0.240709	0.237148	0.295301	0.299989	0.293456	0.242673	0.241135	0.302201	0.296872	0.305842	0.292218	0.249753	0.295660	0.289588	0.294867	0.300797	0.288737	0.249864	0.240910	0.232587	0.253863	0.239488	0.242559	0.240496	0.238346	0.252357	0.233247	0.245291	0.244662	0.243224	0.247439	0.246644	0.238438	0.247924	0.255313	0.297887	0.241804	0.251056	0.245998	
0.255790	0.247818	0.220642	0.251137	0.252361	0.245674	0.255861	0.249107	0.000000	0.256868	0.250558	0.251134	0.250738	0.257860	0.257209	0.286320	0.283742	0.289160	0.287984	0.278630	0.289514	0.297335	0.258931	0.256646	0.223734	0.255676	0.299445	0.285959	0.293821	0.292543	0.292435	0.271548	0.293240	0.250073	0.298212	0.293943	0.294759	0.290865	0.259617	0.266428	0.255306	0.251788	0.257875	0.284569	0.287363	0.290357	0.251133	0.287775	0.266493	0.253845	0.251134	0.252369	0.254000	0.255610	0.243206	0.283513	0.288212	0.294902	0.287021	0.295107	0.274462	0.287282	0.215431	0.251485	0.247888	0.287426	0.290979	0.292774	0.288846	0.287571	0.288134	0.252113	0.257333	0.257431	0.254579	0.251315	0.262501	0.254374	0.252645	0.284418	0.292441	0.289397	0.253086	0.263248	0.294562	0.292270	0.299905	0.288819	0.255039	0.286484	0.279404	0.287659	0.296028	0.288101	0.259774	0.255501	0.252981	0.253513	0.253817	0.253048	0.248977	0.251037	0.215556	0.250146	0.258589	0.252604	0.256916	0.253400	0.255137	0.241656	0.222088	0.223401	0.289215	0.253653	0.259478	0.247863	
0.245269	0.241374	0.255804	0.245026	0.243439	0.246574	0.250716	0.248779	0.256868	0.000000	0.249039	0.240369	0.240198	0.246595	0.241871	0.296437	0.303769	0.295794	0.298198	0.290909	0.299394	0.306717	0.252596	0.246911	0.263472	0.247103	0.309675	0.300986	0.303804	0.305613	0.300673	0.290383	0.304274	0.248574	0.304635	0.297426	0.299734	0.295348	0.251383	0.244880	0.250819	0.250185	0.251901	0.296980	0.304205	0.296464	0.248472	0.294166	0.262087	0.245627	0.249221	0.247130	0.250768	0.243420	0.253762	0.293413	0.296720	0.298511	0.301248	0.302843	0.290177	0.297051	0.249265	0.244216	0.247877	0.295075	0.300830	0.299120	0.303970	0.299477	0.297929	0.254516	0.245900	0.246389	0.241472	0.249895	0.242939	0.249182	0.240775	0.299580	0.304446	0.295905	0.244065	0.248386	0.303021	0.300598	0.304175	0.298699	0.247709	0.298663	0.294045	0.300328	0.297054	0.290984	0.253451	0.251431	0.246197	0.256141	0.240554	0.245623	0.239502	0.254934	0.254688	0.239416	0.253813	0.259671	0.248688	0.244872	0.247006	0.245520	0.256526	0.247441	0.298475	0.251730	0.250817	0.243288	
0.247355	0.249323	0.258965	0.238030	0.244007	0.251328	0.250357	0.250915	0.250558	0.249039	0.000000	0.238628	0.237211	0.246654	0.245543	0.298266	0.293766	0.295720	0.298875	0.286172	0.300170	0.302004	0.242530	0.246314	0.250693	0.245804	0.307316	0.294608	0.308987	0.299493	0.285377	0.282908	0.300600	0.242632	0.297619	0.292480	0.300271	0.296322	0.250682	0.252941	0.244485	0.240374	0.251125	0.290698	0.295396	0.290443	0.242110	0.292800	0.258307	0.243517	0.242340	0.236028	0.246010	0.247698	0.235193	0.289840	0.294865	0.292215	0.292781	0.295656	0.285336	0.299168	0.248941	0.240374	0.240042	0.297178	0.302778	0.292278	0.287347	0.294156	0.298008	0.242915	0.242685	0.241169	0.244590	0.238875	0.245778	0.248702	0.236442	0.297245	0.296700	0.289827	0.244103	0.247467	0.301274	0.303962	0.298929	0.291399	0.254038	0.296257	0.289030	0.290398	0.295835	0.280077	0.246727	0.239181	0.239396	0.249611	0.248879	0.243500	0.244133	0.248244	0.253427	0.228969	0.244134	0.237314	0.238076	0.246757	0.249061	0.233371	0.251466	0.255347	0.295716	0.251305	0.251488	0.245415	
0.235199	0.248954	0.261395	0.236631	0.243439	0.240004	0.248283	0.239596	0.251134	0.240369	0.238628	0.000000	0.231098	0.241781	0.240200	0.293648	0.289901	0.295544	0.294249	0.288818	0.293105	0.295282	0.247087	0.246944	0.261319	0.242394	0.307441	0.293043	0.299890	0.304853	0.289042	0.277829	0.300527	0.238226	0.300261	0.296195	0.299279	0.296224	0.244046	0.248153	0.244053	0.239877	0.243539	0.290271	0.293760	0.292450	0.243760	0.293513	0.255213	0.234417	0.239550	0.238461	0.248632	0.243351	0.238535	0.286113	0.292656	0.296156	0.289636	0.301215	0.285307	0.297182	0.251644	0.243711	0.243235	0.286824	0.294124	0.294018	0.293813	0.292418	0.296499	0.244275	0.247371	0.244298	0.241647	0.244188	0.245375	0.239336	0.237820	0.293385	0.291371	0.291283	0.241265	0.243074	0.305102	0.294236	0.295638	0.291830	0.248189	0.291042	0.283342	0.290840	0.294709	0.291066	0.246073	0.245231	0.242611	0.255103	0.241509	0.236507	0.240396	0.245651	0.254332	0.240893	0.245550	0.247025	0.249398	0.238879	0.238854	0.239848	0.249051	0.250699	0.291884	0.239989	0.249504	0.245694	
0.245176	0.236572	0.255418	0.237968	0.232725	0.240346	0.238333	0.237101	0.250738	0.240198	0.237211	0.231098	0.000000	0.235021	0.244344	0.295299	0.295202	0.295041	0.293717	0.286330	0.294903	0.303241	0.243622	0.246882	0.257288	0.243533	0.307502	0.294917	0.302104	0.300667	0.286005	0.282869	0.303331	0.237915	0.299988	0.297316	0.300991	0.294008	0.238456	0.256380	0.244081	0.239713	0.248702	0.298904	0.299331	0.295866	0.231809	0.293715	0.257103	0.237829	0.237372	0.240537	0.250213	0.245670	0.237552	0.289782	0.297320	0.297919	0.294570	0.302012	0.287066	0.301550	0.250322	0.242072	0.243816	0.295699	0.297839	0.293565	0.290594	0.300623	0.298070	0.237648	0.238745	0.246426	0.242241	0.238336	0.244756	0.249177	0.241750	0.292808	0.294035	0.295226	0.242613	0.243533	0.304650	0.299840	0.300683	0.291343	0.254737	0.299075	0.285888	0.296482	0.296256	0.290994	0.243173	0.236104	0.242365	0.257038	0.247112	0.247437	0.237172	0.247883	0.244543	0.241889	0.251594	0.240931	0.242013	0.242402	0.246764	0.240396	0.255077	0.258266	0.298034	0.240205	0.250760	0.237305	
0.241531	0.244146	0.259293	0.246808	0.240513	0.243566	0.243781	0.241393	0.257860	0.246595	0.246654	0.241781	0.235021	0.000000	0.245087	0.299282	0.297429	0.299875	0.298479	0.296875	0.301700	0.308000	0.248444	0.250757	0.261155	0.240148	0.307990	0.296707	0.303199	0.299716	0.298013	0.294824	0.303791	0.243790	0.299257	0.297493	0.298287	0.299315	0.242756	0.254950	0.241571	0.246466	0.252588	0.298416	0.299924	0.295815	0.247092	0.298473	0.246646	0.242891	0.234453	0.234545	0.243936	0.243832	0.240693	0.295301	0.297834	0.298883	0.299791	0.298795	0.297794	0.296805	0.251060	0.243714	0.243585	0.297133	0.296517	0.298905	0.294907	0.303495	0.295928	0.247012	0.244656	0.244345	0.242000	0.237508	0.237693	0.243837	0.239334	0.295629	0.298433	0.295193	0.244447	0.248806	0.309225	0.299579	0.304757	0.301165	0.248571	0.296243	0.296182	0.297669	0.292819	0.292852	0.243391	0.234377	0.247553	0.242785	0.238192	0.240000	0.247547	0.236111	0.251502	0.235895	0.250392	0.259251	0.234830	0.244725	0.244075	0.237264	0.253423	0.257983	0.299649	0.239945	0.247619	0.239633	
0.244096	0.242140	0.261366	0.240090	0.241074	0.242104	0.250374	0.242066	0.257209	0.241871	0.245543	0.240200	0.244344	0.245087	0.000000	0.295830	0.290220	0.290824	0.296962	0.297940	0.295673	0.301455	0.243736	0.249783	0.263607	0.244002	0.308061	0.292741	0.302758	0.301422	0.294024	0.309413	0.297725	0.250253	0.296941	0.296578	0.300992	0.293240	0.241297	0.242963	0.250623	0.244073	0.246643	0.292027	0.294046	0.290038	0.241990	0.298760	0.244352	0.236748	0.239378	0.243513	0.250847	0.243620	0.241773	0.292839	0.297244	0.293041	0.293385	0.299489	0.289902	0.295602	0.248540	0.243137	0.245140	0.293672	0.298065	0.297857	0.295817	0.298883	0.296167	0.247537	0.243139	0.248204	0.248336	0.240813	0.245818	0.245544	0.243033	0.298263	0.300233	0.289777	0.238043	0.249701	0.305337	0.296828	0.300673	0.293910	0.246860	0.299332	0.288433	0.294030	0.298934	0.289144	0.246767	0.233861	0.233411	0.255532	0.238869	0.235927	0.240077	0.240541	0.257747	0.239262	0.242305	0.246865	0.241427	0.245310	0.243041	0.234283	0.251277	0.256506	0.295334	0.247848	0.248956	0.244156	
0.295418	0.297621	0.290774	0.297225	0.295552	0.298794	0.307248	0.297976	0.286320	0.296437	0.298266	0.293648	0.295299	0.299282	0.295830	0.000000	0.225110	0.218344	0.212747	0.202271	0.217270	0.221136	0.296309	0.294660	0.285080	0.300930	0.223861	0.205440	0.225100	0.215306	0.210985	0.219579	0.220789	0.300087	0.214099	0.212684	0.211352	0.214410	0.296526	0.307535	0.294904	0.297133	0.301382	0.212233	0.220354	0.215506	0.293728	0.213538	0.303117	0.291795	0.302625	0.295445	0.299611	0.293977	0.295450	0.216160	0.216114	0.218193	0.215515	0.213638	0.223844	0.224090	0.286777	0.293255	0.297648	0.218862	0.220278	0.212732	0.223934	0.216020	0.216318	0.292849	0.289277	0.295716	0.295624	0.298477	0.302045	0.297978	0.297832	0.213539	0.215908	0.215320	0.303280	0.295679	0.218495	0.212218	0.221611	0.219324	0.290826	0.218830	0.212624	0.216278	0.224200	0.228620	0.286870	0.295231	0.293457	0.303735	0.296261	0.295069	0.292740	0.301193	0.286431	0.290565	0.295052	0.289666	0.296934	0.297824	0.296230	0.295588	0.285786	0.285104	0.220068	0.296997	0.303985	0.295740	
0.295171	0.295190	0.286528	0.299076	0.288211	0.298171	0.303296	0.297112	0.283742	0.303769	0.293766	0.289901	0.295202	0.297429	0.290220	0.225110	0.000000	0.218316	0.224490	0.209360	0.217799	0.221767	0.295379	0.295791	0.283981	0.297753	0.232052	0.215302	0.218762	0.226600	0.215203	0.210238	0.215698	0.298529	0.221008	0.225916	0.232628	0.206363	0.297877	0.310278	0.296488	0.298605	0.302394	0.226709	0.221870	0.224325	0.294019	0.220352	0.309524	0.292977	0.300908	0.291513	0.299831	0.294504	0.296204	0.220036	0.221540	0.224945	0.226095	0.228461	0.223293	0.216627	0.282198	0.293256	0.293146	0.224439	0.222674	0.221516	0.225541	0.225592	0.216410	0.290603	0.292247	0.298585	0.298037	0.297785	0.302816	0.299761	0.301067	0.222277	0.225800	0.209052	0.298498	0.302062	0.224066	0.220212	0.224970	0.221231	0.294137	0.224519	0.214768	0.217936	0.226578	0.236860	0.295105	0.299642	0.295055	0.293016	0.289168	0.299880	0.288012	0.299840	0.289679	0.291048	0.295511	0.292989	0.297631	0.300155	0.296894	0.294444	0.280132	0.286761	0.221834	0.295861	0.302252	0.297044	
0.293103	0.293910	0.286832	0.294517	0.290979	0.291576	0.303317	0.298651	0.289160	0.295794	0.295720	0.295544	0.295041	0.299875	0.290824	0.218344	0.218316	0.000000	0.214128	0.202223	0.216360	0.216496	0.296896	0.298081	0.281726	0.297123	0.204661	0.205464	0.218637	0.210923	0.207847	0.209217	0.219504	0.297270	0.216106	0.217498	0.216153	0.212258	0.293658	0.304328	0.292863	0.297793	0.300803	0.203381	0.223522	0.217230	0.291730	0.214865	0.302160	0.294387	0.296304	0.294718	0.303317	0.295942	0.292216	0.214879	0.209791	0.209399	0.210532	0.216506	0.214082	0.220770	0.284687	0.290944	0.293794	0.211574	0.212250	0.221312	0.218148	0.215182	0.217305	0.287087	0.282961	0.298063	0.298319	0.293642	0.300811	0.295211	0.294510	0.215442	0.215589	0.210482	0.295115	0.293561	0.212024	0.215627	0.219326	0.213949	0.297291	0.208436	0.215908	0.209264	0.218562	0.223646	0.289792	0.292047	0.285820	0.300146	0.294217	0.292586	0.295828	0.295193	0.290974	0.293621	0.291650	0.290876	0.298333	0.293454	0.295249	0.298944	0.281270	0.286168	0.218017	0.296562	0.298736	0.293868	
0.292883	0.293939	0.293214	0.293064	0.290845	0.295512	0.303903	0.297595	0.287984	0.298198	0.298875	0.294249	0.293717	0.298479	0.296962	0.212747	0.224490	0.214128	0.000000	0.208791	0.210083	0.226081	0.293182	0.292764	0.279987	0.298862	0.221098	0.215414	0.211628	0.218013	0.219590	0.221607	0.212717	0.297377	0.211738	0.214400	0.218013	0.214317	0.294106	0.309324	0.298105	0.297294	0.301033	0.214068	0.225727	0.218048	0.289522	0.214083	0.306102	0.292105	0.302158	0.297078	0.302696	0.289580	0.299820	0.213600	0.216808	0.213613	0.214084	0.220637	0.205118	0.212843	0.287117	0.299308	0.296364	0.217251	0.214733	0.217185	0.214624	0.214365	0.214755	0.287438	0.292786	0.296135	0.297809	0.296273	0.302625	0.299373	0.300670	0.217857	0.210408	0.210168	0.305026	0.297769	0.217330	0.216923	0.222898	0.212263	0.290975	0.215340	0.216943	0.218231	0.220303	0.217028	0.290115	0.295457	0.293164	0.301086	0.295037	0.296623	0.294257	0.298422	0.287432	0.292726	0.297024	0.288963	0.291594	0.296987	0.297538	0.298904	0.280439	0.290872	0.220315	0.296630	0.304677	0.299139	
0.279951	0.288437	0.278612	0.286295	0.276265	0.290529	0.292111	0.286378	0.278630	0.290909	0.286172	0.288818	0.286330	0.296875	0.297940	0.202271	0.209360	0.202223	0.208791	0.000000	0.220106	0.208907	0.278904	0.286726	0.275769	0.283053	0.209894	0.208068	0.203108	0.201462	0.198363	0.206169	0.215937	0.289005	0.201137	0.212837	0.214077	0.206085	0.291919	0.295438	0.278252	0.279797	0.301264	0.192553	0.212283	0.214903	0.276301	0.211715	0.295205	0.280071	0.296242	0.291429	0.283126	0.284083	0.279870	0.203815	0.206969	0.210675	0.191617	0.209964	0.201856	0.211287	0.273460	0.284532	0.291844	0.214940	0.221320	0.198163	0.213654	0.214589	0.206641	0.277778	0.277354	0.299467	0.282033	0.297366	0.299145	0.285563	0.281339	0.214613	0.206650	0.200993	0.291193	0.290574	0.202617	0.201553	0.215300	0.210207	0.287386	0.194405	0.205300	0.201696	0.213432	0.210686	0.290452	0.278508	0.278788	0.287537	0.284483	0.287242	0.284599	0.300498	0.266476	0.274467	0.282172	0.281780	0.276870	0.284165	0.285461	0.276088	0.286988	0.279245	0.215450	0.281038	0.299611	0.286788	
0.297716	0.293871	0.290530	0.301887	0.293619	0.292649	0.302779	0.300365	0.289514	0.299394	0.300170	0.293105	0.294903	0.301700	0.295673	0.217270	0.217799	0.216360	0.210083	0.220106	0.000000	0.217062	0.296846	0.300565	0.275193	0.298216	0.219085	0.209848	0.218029	0.220183	0.218519	0.218664	0.213887	0.297031	0.217964	0.213012	0.227209	0.214893	0.299510	0.308246	0.295652	0.299094	0.307456	0.214085	0.221326	0.213603	0.290874	0.219359	0.308796	0.295457	0.297883	0.297349	0.301668	0.298980	0.296397	0.209787	0.220653	0.221434	0.215885	0.219343	0.222760	0.214158	0.286749	0.299679	0.293090	0.215864	0.216173	0.218700	0.217279	0.209870	0.214015	0.291050	0.289758	0.299360	0.295926	0.295678	0.301717	0.303862	0.299239	0.214507	0.225643	0.211206	0.300603	0.300170	0.220936	0.215897	0.226547	0.212368	0.295356	0.216077	0.211533	0.211441	0.218426	0.219204	0.296824	0.298373	0.295797	0.302483	0.297228	0.298160	0.295672	0.299468	0.287394	0.294928	0.294473	0.289061	0.299036	0.297654	0.297051	0.295676	0.281889	0.292709	0.218656	0.299423	0.307317	0.295929	
0.299832	0.300203	0.294304	0.300983	0.295242	0.301093	0.305918	0.300640	0.297335	0.306717	0.302004	0.295282	0.303241	0.308000	0.301455	0.221136	0.221767	0.216496	0.226081	0.208907	0.217062	0.000000	0.302638	0.300771	0.295295	0.301540	0.228449	0.222281	0.226447	0.215871	0.221896	0.215271	0.220713	0.306193	0.216757	0.221551	0.227283	0.223826	0.306079	0.310132	0.303346	0.300411	0.309792	0.225377	0.232591	0.227097	0.301526	0.221218	0.317192	0.302858	0.306524	0.301581	0.304723	0.302147	0.302351	0.218550	0.222990	0.209398	0.224471	0.225249	0.213311	0.224974	0.289518	0.302540	0.295689	0.227754	0.222584	0.217200	0.219277	0.221289	0.215410	0.299989	0.297752	0.302519	0.304616	0.300183	0.306664	0.305033	0.301402	0.219637	0.219956	0.220983	0.305406	0.304540	0.220952	0.226413	0.229694	0.222774	0.293702	0.220534	0.218121	0.218405	0.228724	0.226323	0.303446	0.298214	0.301481	0.313186	0.300920	0.300748	0.302107	0.301300	0.294466	0.295955	0.300136	0.300820	0.306434	0.304769	0.304490	0.304477	0.286560	0.295332	0.224694	0.300186	0.310862	0.303004	
0.243139	0.246494	0.254025	0.246461	0.247296	0.257972	0.252565	0.240112	0.258931	0.252596	0.242530	0.247087	0.243622	0.248444	0.243736	0.296309	0.295379	0.296896	0.293182	0.278904	0.296846	0.302638	0.000000	0.252256	0.256277	0.240993	0.297952	0.302140	0.302519	0.302297	0.289323	0.277190	0.298506	0.244040	0.298757	0.289426	0.295926	0.297586	0.242686	0.252566	0.247522	0.242238	0.250628	0.291827	0.294258	0.298369	0.243874	0.292144	0.260682	0.243751	0.245161	0.235084	0.244846	0.247581	0.240392	0.294314	0.296015	0.295105	0.294362	0.294589	0.277232	0.301591	0.254281	0.244365	0.241820	0.293541	0.297441	0.291566	0.297235	0.299965	0.295693	0.247609	0.246740	0.260824	0.245846	0.240099	0.251296	0.247151	0.248124	0.296236	0.293433	0.292203	0.244581	0.247869	0.296873	0.294835	0.297500	0.293234	0.254000	0.296576	0.293074	0.297865	0.295426	0.293444	0.248838	0.241995	0.244175	0.247854	0.246331	0.244063	0.242095	0.246762	0.259749	0.248641	0.247054	0.248884	0.240147	0.247946	0.251785	0.231828	0.253994	0.254369	0.295510	0.247662	0.250201	0.248736	
0.248468	0.254348	0.254885	0.246343	0.250729	0.247948	0.252323	0.250411	0.256646	0.246911	0.246314	0.246944	0.246882	0.250757	0.249783	0.294660	0.295791	0.298081	0.292764	0.286726	0.300565	0.300771	0.252256	0.000000	0.259432	0.253143	0.306516	0.296928	0.300564	0.300891	0.292060	0.312919	0.305590	0.246142	0.300666	0.295719	0.297788	0.299143	0.242883	0.258176	0.249162	0.245591	0.255811	0.296897	0.302789	0.295116	0.247221	0.300195	0.258626	0.243950	0.245703	0.240035	0.249000	0.250487	0.253785	0.289956	0.299957	0.295926	0.297327	0.302259	0.288396	0.300996	0.258591	0.253265	0.250351	0.295607	0.298312	0.295875	0.296721	0.296794	0.302505	0.254070	0.252070	0.253408	0.248607	0.249862	0.245244	0.246974	0.252192	0.296750	0.298006	0.291191	0.244869	0.255031	0.300379	0.301307	0.302011	0.298571	0.248195	0.289433	0.294385	0.294798	0.300973	0.289135	0.255881	0.246141	0.249124	0.255748	0.248598	0.242513	0.249698	0.251031	0.253813	0.245909	0.257844	0.250869	0.254042	0.244469	0.245216	0.241892	0.257844	0.252883	0.296147	0.257400	0.256952	0.244634	
0.255342	0.259757	0.230820	0.249054	0.252778	0.243256	0.253403	0.254795	0.223734	0.263472	0.250693	0.261319	0.257288	0.261155	0.263607	0.285080	0.283981	0.281726	0.279987	0.275769	0.275193	0.295295	0.256277	0.259432	0.000000	0.261005	0.291219	0.278947	0.286864	0.282864	0.277717	0.269144	0.284784	0.253690	0.291694	0.276803	0.290682	0.277797	0.267038	0.267272	0.249631	0.254655	0.264591	0.275800	0.282599	0.277599	0.261558	0.283492	0.259348	0.258677	0.258442	0.250779	0.258493	0.256347	0.258113	0.273622	0.278296	0.284093	0.283868	0.285904	0.258403	0.281614	0.220795	0.252937	0.255646	0.280105	0.284685	0.283492	0.279954	0.284919	0.283813	0.259071	0.261216	0.256772	0.250989	0.251794	0.259915	0.260635	0.262311	0.271789	0.288161	0.277340	0.261041	0.260301	0.285082	0.278181	0.285628	0.279200	0.257373	0.280801	0.272310	0.274548	0.284918	0.280143	0.262607	0.249510	0.261862	0.256340	0.248091	0.253200	0.251116	0.258133	0.228186	0.246784	0.260282	0.247907	0.249649	0.260279	0.251268	0.249525	0.225632	0.222087	0.287642	0.258896	0.270548	0.256158	
0.238556	0.250486	0.256931	0.244225	0.244579	0.243321	0.245289	0.244692	0.255676	0.247103	0.245804	0.242394	0.243533	0.240148	0.244002	0.300930	0.297753	0.297123	0.298862	0.283053	0.298216	0.301540	0.240993	0.253143	0.261005	0.000000	0.308666	0.296400	0.299620	0.305383	0.294586	0.304348	0.303259	0.243321	0.303058	0.295214	0.301521	0.300610	0.250125	0.254074	0.243540	0.249461	0.245087	0.295719	0.298887	0.299391	0.241530	0.296422	0.256150	0.243898	0.245328	0.244389	0.250199	0.247284	0.245118	0.295450	0.295271	0.297378	0.300369	0.302699	0.295575	0.304417	0.249522	0.241048	0.243448	0.295572	0.297885	0.296341	0.300020	0.302534	0.301188	0.254478	0.253563	0.242941	0.248210	0.243058	0.243170	0.242931	0.237777	0.294470	0.297606	0.297687	0.241407	0.249303	0.305658	0.298483	0.304658	0.300221	0.254760	0.298848	0.295982	0.297214	0.296082	0.290897	0.244885	0.245668	0.239337	0.248170	0.246318	0.243146	0.247593	0.245644	0.250351	0.243625	0.242420	0.244938	0.256357	0.244246	0.245862	0.229448	0.245872	0.255470	0.295977	0.249761	0.245427	0.241611	
0.304682	0.309878	0.298497	0.301478	0.303455	0.305587	0.311883	0.306382	0.299445	0.309675	0.307316	0.307441	0.307502	0.307990	0.308061	0.223861	0.232052	0.204661	0.221098	0.209894	0.219085	0.228449	0.297952	0.306516	0.291219	0.308666	0.000000	0.220051	0.228766	0.229400	0.232057	0.224059	0.223636	0.314273	0.227072	0.218643	0.227078	0.224165	0.307073	0.316891	0.304370	0.306538	0.310428	0.216973	0.231817	0.226112	0.298473	0.222685	0.315381	0.301649	0.308325	0.309332	0.313989	0.303533	0.304786	0.217577	0.218436	0.224077	0.224457	0.225065	0.215559	0.230871	0.291883	0.305808	0.305604	0.224175	0.228348	0.170193	0.216142	0.222222	0.222742	0.301342	0.303697	0.308885	0.304106	0.307861	0.310355	0.305431	0.306680	0.225013	0.224973	0.215938	0.306457	0.310036	0.230543	0.222040	0.225688	0.222564	0.301146	0.226930	0.216513	0.218705	0.231222	0.235154	0.297571	0.307200	0.301421	0.312617	0.298662	0.309104	0.304766	0.306874	0.297798	0.297365	0.308523	0.299242	0.313282	0.309473	0.308961	0.301951	0.293805	0.300381	0.227760	0.310025	0.315608	0.304900	
0.292837	0.298264	0.286372	0.292612	0.288444	0.295658	0.301755	0.294749	0.285959	0.300986	0.294608	0.293043	0.294917	0.296707	0.292741	0.205440	0.215302	0.205464	0.215414	0.208068	0.209848	0.222281	0.302140	0.296928	0.278947	0.296400	0.220051	0.000000	0.217461	0.212072	0.218915	0.200366	0.218827	0.296275	0.213633	0.212616	0.213547	0.214898	0.295169	0.306157	0.295232	0.299147	0.300069	0.207445	0.212843	0.210411	0.291456	0.210143	0.310192	0.290512	0.294499	0.297073	0.298525	0.295690	0.293231	0.213547	0.206726	0.214656	0.210892	0.218393	0.213651	0.218057	0.281463	0.291942	0.294030	0.207253	0.214044	0.219396	0.213406	0.212573	0.210107	0.288159	0.287239	0.299920	0.295120	0.293907	0.299252	0.298417	0.298682	0.216418	0.215539	0.204389	0.297061	0.298883	0.209751	0.211818	0.221060	0.208070	0.292651	0.212945	0.206855	0.209913	0.217283	0.217546	0.290997	0.297610	0.291477	0.296604	0.293344	0.296359	0.298256	0.296304	0.283852	0.289801	0.295490	0.290194	0.301034	0.300373	0.293666	0.295948	0.279736	0.282725	0.214064	0.298354	0.309663	0.296039	
0.297985	0.301556	0.290055	0.297291	0.298260	0.296484	0.310015	0.298948	0.293821	0.303804	0.308987	0.299890	0.302104	0.303199	0.302758	0.225100	0.218762	0.218637	0.211628	0.203108	0.218029	0.226447	0.302519	0.300564	0.286864	0.299620	0.228766	0.217461	0.000000	0.225502	0.227597	0.227147	0.221477	0.301881	0.221409	0.216412	0.221601	0.224211	0.299212	0.313498	0.302611	0.299517	0.309529	0.219410	0.218513	0.224188	0.297476	0.214926	0.310498	0.295717	0.307009	0.301796	0.303148	0.300986	0.302265	0.217227	0.219875	0.222931	0.221273	0.212350	0.207776	0.222068	0.286397	0.301620	0.298855	0.219716	0.227255	0.211284	0.212576	0.217577	0.221007	0.294736	0.295772	0.300249	0.305071	0.298979	0.305309	0.306192	0.302156	0.216743	0.223349	0.216524	0.304021	0.301486	0.226378	0.225145	0.227364	0.221988	0.299177	0.215011	0.215209	0.217188	0.216557	0.229937	0.297717	0.304439	0.298737	0.305661	0.295775	0.303979	0.298704	0.306607	0.292389	0.301402	0.303122	0.288083	0.299104	0.300104	0.297777	0.300717	0.287786	0.294510	0.227868	0.303662	0.313276	0.300541	
0.298973	0.308683	0.299092	0.302141	0.298435	0.293832	0.315647	0.302288	0.292543	0.305613	0.299493	0.304853	0.300667	0.299716	0.301422	0.215306	0.226600	0.210923	0.218013	0.201462	0.220183	0.215871	0.302297	0.300891	0.282864	0.305383	0.229400	0.212072	0.225502	0.000000	0.219205	0.214822	0.220655	0.300575	0.218839	0.225745	0.223103	0.213714	0.302055	0.320712	0.299434	0.303261	0.305474	0.217344	0.225585	0.227458	0.302050	0.212227	0.309355	0.299852	0.307144	0.298457	0.305057	0.304870	0.296918	0.216982	0.217409	0.212182	0.217637	0.220033	0.218304	0.222984	0.290516	0.300414	0.306728	0.226717	0.221178	0.220612	0.223566	0.224047	0.213930	0.300818	0.289155	0.302850	0.302303	0.305441	0.306695	0.310005	0.307495	0.217491	0.214777	0.214035	0.307567	0.297479	0.218578	0.222822	0.221311	0.217757	0.297609	0.223218	0.215591	0.218948	0.227279	0.227727	0.300931	0.305338	0.301557	0.305948	0.297490	0.305353	0.300899	0.307546	0.300149	0.296910	0.298312	0.297262	0.300583	0.301827	0.309926	0.302330	0.289886	0.296555	0.221246	0.302126	0.307052	0.298822	
0.289448	0.293946	0.290186	0.289424	0.292458	0.292316	0.309580	0.294383	0.292435	0.300673	0.285377	0.289042	0.286005	0.298013	0.294024	0.210985	0.215203	0.207847	0.219590	0.198363	0.218519	0.221896	0.289323	0.292060	0.277717	0.294586	0.232057	0.218915	0.227597	0.219205	0.000000	0.215452	0.223589	0.283591	0.221780	0.219344	0.225000	0.206699	0.301035	0.304455	0.294862	0.293131	0.306527	0.213167	0.226090	0.223419	0.286711	0.216728	0.310587	0.291853	0.295522	0.281176	0.300976	0.286243	0.292932	0.214380	0.215465	0.220930	0.219211	0.217716	0.200910	0.223681	0.283574	0.281376	0.296727	0.208169	0.213291	0.231537	0.217884	0.214700	0.221841	0.287507	0.284611	0.291049	0.284185	0.294700	0.303875	0.300871	0.302621	0.225934	0.223684	0.218023	0.293277	0.299789	0.217254	0.223340	0.222083	0.231509	0.296584	0.207886	0.211564	0.210915	0.219480	0.218864	0.287558	0.299127	0.288652	0.300566	0.285620	0.290254	0.285600	0.289195	0.285182	0.285112	0.291591	0.302696	0.300138	0.295503	0.292084	0.277498	0.279045	0.283391	0.218643	0.293252	0.296608	0.287879	
0.264984	0.306569	0.281076	0.266167	0.273063	0.290708	0.310409	0.294444	0.271548	0.290383	0.282908	0.277829	0.282869	0.294824	0.309413	0.219579	0.210238	0.209217	0.221607	0.206169	0.218664	0.215271	0.277190	0.312919	0.269144	0.304348	0.224059	0.200366	0.227147	0.214822	0.215452	0.000000	0.210092	0.303942	0.222325	0.202068	0.234243	0.215356	0.287165	0.311445	0.268270	0.289597	0.295890	0.202414	0.217617	0.220149	0.267110	0.215525	0.321540	0.274164	0.283178	0.303704	0.288338	0.283071	0.265858	0.219467	0.215328	0.235564	0.229433	0.210575	0.194127	0.216713	0.267943	0.279439	0.297422	0.199816	0.204545	0.225160	0.204775	0.217431	0.232751	0.281810	0.284774	0.297774	0.286772	0.270370	0.288372	0.292818	0.293135	0.209366	0.214747	0.195772	0.273985	0.284007	0.223853	0.211060	0.211694	0.203343	0.271251	0.219852	0.204587	0.204587	0.206233	0.211873	0.274178	0.304104	0.287054	0.285414	0.298265	0.285319	0.293135	0.299169	0.246741	0.279644	0.277394	0.273325	0.264990	0.288089	0.272227	0.281390	0.277264	0.273575	0.213755	0.292857	0.299270	0.305116	
0.303898	0.301216	0.293173	0.301663	0.296704	0.296865	0.307414	0.306099	0.293240	0.304274	0.300600	0.300527	0.303331	0.303791	0.297725	0.220789	0.215698	0.219504	0.212717	0.215937	0.213887	0.220713	0.298506	0.305590	0.284784	0.303259	0.223636	0.218827	0.221477	0.220655	0.223589	0.210092	0.000000	0.301510	0.213448	0.212483	0.221420	0.216119	0.302905	0.311940	0.302189	0.302382	0.305272	0.228008	0.216877	0.217255	0.294458	0.217795	0.314877	0.300485	0.307726	0.301612	0.305891	0.299793	0.304432	0.215815	0.216475	0.219822	0.225654	0.217593	0.208537	0.207081	0.283306	0.304190	0.300619	0.221124	0.222005	0.215381	0.213896	0.222096	0.215096	0.299353	0.293174	0.300145	0.302326	0.301669	0.312442	0.307486	0.306228	0.224856	0.223392	0.212876	0.301317	0.301559	0.221088	0.217216	0.228552	0.215094	0.298629	0.219992	0.216917	0.216665	0.221308	0.230467	0.298726	0.304204	0.299593	0.301832	0.297324	0.303669	0.300608	0.305507	0.295639	0.300740	0.306079	0.299686	0.304071	0.302119	0.299019	0.302666	0.287579	0.297744	0.221301	0.304542	0.309543	0.299588	
0.242506	0.240381	0.254311	0.241779	0.240992	0.255911	0.255485	0.238489	0.250073	0.248574	0.242632	0.238226	0.237915	0.243790	0.250253	0.300087	0.298529	0.297270	0.297377	0.289005	0.297031	0.306193	0.244040	0.246142	0.253690	0.243321	0.314273	0.296275	0.301881	0.300575	0.283591	0.303942	0.301510	0.000000	0.300830	0.300240	0.300125	0.296360	0.252025	0.254316	0.256395	0.240702	0.248178	0.297439	0.307174	0.303889	0.245817	0.293574	0.256778	0.240981	0.239383	0.241359	0.244166	0.248954	0.239622	0.296302	0.298804	0.295471	0.298598	0.306623	0.298799	0.300116	0.255051	0.242429	0.238883	0.295665	0.299351	0.305540	0.298499	0.296997	0.294024	0.243825	0.243740	0.248009	0.249236	0.236616	0.251481	0.247512	0.239445	0.292655	0.298592	0.293366	0.236348	0.244733	0.306515	0.300218	0.308780	0.300058	0.250420	0.294292	0.291300	0.298801	0.304153	0.296796	0.246290	0.242468	0.243551	0.248462	0.246869	0.242486	0.237902	0.247062	0.253299	0.242327	0.249732	0.239233	0.245018	0.233768	0.248124	0.236585	0.248370	0.255688	0.304569	0.246905	0.250467	0.235499	
0.300857	0.296163	0.290891	0.298378	0.295562	0.301183	0.309168	0.301587	0.298212	0.304635	0.297619	0.300261	0.299988	0.299257	0.296941	0.214099	0.221008	0.216106	0.211738	0.201137	0.217964	0.216757	0.298757	0.300666	0.291694	0.303058	0.227072	0.213633	0.221409	0.218839	0.221780	0.222325	0.213448	0.300830	0.000000	0.218778	0.219985	0.216074	0.302190	0.313768	0.306380	0.299009	0.307364	0.215445	0.224779	0.218957	0.294363	0.218120	0.308678	0.296430	0.300042	0.303046	0.303720	0.300733	0.301776	0.219507	0.219093	0.215777	0.217574	0.220617	0.215154	0.220166	0.288556	0.302608	0.298485	0.219010	0.221298	0.219341	0.215208	0.219138	0.218415	0.293992	0.292713	0.300854	0.298772	0.303423	0.305971	0.301934	0.300593	0.219974	0.224288	0.211399	0.307087	0.299277	0.219004	0.221528	0.232611	0.227383	0.303020	0.213409	0.221766	0.220696	0.219700	0.223980	0.296770	0.304893	0.294847	0.307550	0.296705	0.304597	0.297675	0.308452	0.290691	0.293784	0.296022	0.291611	0.292852	0.299802	0.308403	0.293272	0.289309	0.290310	0.212869	0.300083	0.311425	0.298233	
0.294949	0.298309	0.289977	0.296830	0.290502	0.296825	0.306347	0.294820	0.293943	0.297426	0.292480	0.296195	0.297316	0.297493	0.296578	0.212684	0.225916	0.217498	0.214400	0.212837	0.213012	0.221551	0.289426	0.295719	0.276803	0.295214	0.218643	0.212616	0.216412	0.225745	0.219344	0.202068	0.212483	0.300240	0.218778	0.000000	0.215942	0.220345	0.298819	0.303299	0.296132	0.296052	0.301707	0.209173	0.220361	0.213199	0.290055	0.217918	0.305504	0.295099	0.300774	0.296221	0.302755	0.302281	0.296959	0.216919	0.208724	0.212197	0.207517	0.213143	0.221158	0.210693	0.279447	0.289520	0.296767	0.221368	0.216152	0.210889	0.218065	0.209829	0.217795	0.289712	0.290307	0.300363	0.300321	0.297821	0.300454	0.299003	0.299829	0.211462	0.222798	0.216646	0.303386	0.300568	0.214747	0.212565	0.221318	0.217406	0.294305	0.215064	0.215077	0.207385	0.213728	0.218182	0.292114	0.298924	0.291624	0.298207	0.298330	0.298012	0.302678	0.300421	0.289624	0.292859	0.295809	0.292031	0.302534	0.300821	0.302560	0.293994	0.286983	0.285422	0.217199	0.295882	0.303448	0.297282	
0.293593	0.298685	0.295148	0.303724	0.292432	0.297591	0.303239	0.301930	0.294759	0.299734	0.300271	0.299279	0.300991	0.298287	0.300992	0.211352	0.232628	0.216153	0.218013	0.214077	0.227209	0.227283	0.295926	0.297788	0.290682	0.301521	0.227078	0.213547	0.221601	0.223103	0.225000	0.234243	0.221420	0.300125	0.219985	0.215942	0.000000	0.214392	0.297527	0.310102	0.293845	0.295109	0.304227	0.220354	0.228202	0.219450	0.290148	0.219544	0.303788	0.296260	0.299133	0.306010	0.300118	0.300462	0.297790	0.218991	0.218188	0.219284	0.219850	0.225655	0.209578	0.219159	0.289739	0.299163	0.294428	0.213343	0.225003	0.220971	0.222413	0.224095	0.211476	0.293579	0.292880	0.301302	0.306629	0.299779	0.306294	0.301290	0.301293	0.226765	0.225784	0.216365	0.301872	0.303650	0.230010	0.219330	0.227520	0.217062	0.295688	0.219305	0.223451	0.215553	0.229055	0.225706	0.294084	0.299871	0.298638	0.299835	0.296291	0.302293	0.297430	0.302552	0.287477	0.294705	0.294838	0.298848	0.306297	0.301138	0.303441	0.300117	0.281655	0.294331	0.217760	0.297336	0.307197	0.298448	
0.296598	0.297751	0.291062	0.290142	0.289154	0.290725	0.302424	0.297300	0.290865	0.295348	0.296322	0.296224	0.294008	0.299315	0.293240	0.214410	0.206363	0.212258	0.214317	0.206085	0.214893	0.223826	0.297586	0.299143	0.277797	0.300610	0.224165	0.214898	0.224211	0.213714	0.206699	0.215356	0.216119	0.296360	0.216074	0.220345	0.214392	0.000000	0.297324	0.307938	0.294169	0.300500	0.303324	0.216269	0.226211	0.217116	0.290655	0.215054	0.305431	0.296807	0.305857	0.294463	0.304206	0.295358	0.298273	0.213063	0.216719	0.223842	0.219156	0.215337	0.210375	0.220982	0.279639	0.296189	0.295427	0.221728	0.221367	0.221741	0.213945	0.223584	0.215686	0.293667	0.291966	0.302371	0.298594	0.295872	0.301446	0.296268	0.298215	0.224691	0.220298	0.208723	0.303948	0.300718	0.220223	0.220028	0.228289	0.211419	0.295385	0.217977	0.217782	0.226262	0.227869	0.217687	0.292492	0.295553	0.296928	0.300167	0.297595	0.293606	0.294968	0.300513	0.288527	0.292601	0.291540	0.291368	0.288730	0.302250	0.299630	0.290660	0.280554	0.289175	0.219008	0.299942	0.304776	0.300754	
