1.0595293 0.1370977 0.0926465 0.1432242 0.1439656 0.1395528 0.1462272 0.1383507 0.0799064 0.1304473 0.1545907 0.1599929 0.1454567 0.1403183 0.1547434 -0.2045300 -0.2016313 -0.2118347 -0.2054081 -0.1966818 -0.2083235 -0.2087020 0.1481596 0.1286705 0.0486975 0.1457869 -0.2008924 -0.2157781 -0.2173524 -0.2067606 -0.1906334 -0.1698786 -0.2157686 0.1415923 -0.2028540 -0.2022948 -0.2006201 -0.2059763 0.1475327 0.1342910 0.1695963 0.1240938 0.1576254 -0.2144377 -0.1930323 -0.2062521 0.1377868 -0.2014108 0.1697543 0.1589636 0.1656461 0.1485212 0.1361041 0.1353126 0.1620012 -0.1944067 -0.2057515 -0.2153921 -0.2026970 -0.2180942 -0.2010350 -0.2117558 0.0857560 0.1559503 0.1456794 -0.2010021 -0.2036495 -0.2014953 -0.2042645 -0.2051912 -0.2099044 0.1264636 0.1250665 0.1422175 0.1341898 0.1510083 0.1476371 0.1538381 0.1769246 -0.2000389 -0.1985130 -0.2109024 0.1291353 0.1434189 -0.2136124 -0.2060308 -0.1960227 -0.2020012 0.1288507 -0.2138867 -0.2008934 -0.2123950 -0.1897516 -0.1479972 0.1019146 0.1450710 0.1345310 0.1275959 0.1598489 0.1332077 0.1515516 0.1317310 0.0666531 0.1342252 0.1303139 0.1141137 0.1396775 0.1316627 0.1482881 0.1335904 0.0733072 0.0840850 -0.2053273 0.1468353 0.1344484 0.1606240
0.1370977 1.1038008 0.0852595 0.1379559 0.1246805 0.1151145 0.1267509 0.1695710 0.1003404 0.1372045 0.1413422 0.1425480 0.1751001 0.1593699 0.1402371 -0.1926905 -0.1824518 -0.2085007 -0.2019622 -0.1924429 -0.1927564 -0.1929504 0.1237281 0.1186537 0.0624908 0.1351359 -0.2099848 -0.2126874 -0.2071430 -0.2100723 -0.1919269 -0.1601304 -0.2108209 0.1490592 -0.2004185 -0.2028990 -0.1938715 -0.2110739 0.1465151 0.1446874 0.1306428 0.1290705 0.1572524 -0.2033344 -0.1845035 -0.1966385 0.1302888 -0.1974063 0.1324149 0.1197136 0.1436977 0.1437108 0.1364654 0.1415450 0.1379588 -0.1909946 -0.2014420 -0.1997425 -0.1990296 -0.1984852 -0.2016169 -0.1962224 0.0787270 0.1337588 0.1216871 -0.2078245 -0.1934200 -0.2080368 -0.1975086 -0.1958187 -0.2039210 0.1170403 0.1118182 0.1692597 0.1398470 0.1258494 0.1420942 0.1480525 0.1364763 -0.1880883 -0.1846892 -0.2020225 0.1309298 0.1408985 -0.2103329 -0.1929972 -0.1791198 -0.1887847 0.1190127 -0.2041628 -0.2006655 -0.2105899 -0.2041637 -0.1374345 0.1073859 0.1390128 0.1268178 0.1304893 0.1399571 0.1291330 0.1237494 0.1446114 0.1006129 0.1435256 0.1242740 0.1030627 0.1403245 0.1267689 0.1556413 0.1272522 0.0687424 0.0894007 -0.1969706 0.1462856 0.1505497 0.1582412
0.0926465 0.0852595 1.2269827 0.0837380 0.0705727 0.1124518 0.0746208 0.0979683 0.3253106 0.0774951 0.0625332 0.0556617 0.0925115 0.0826109 0.0748332 -0.1548702 -0.1229430 -0.1730380 -0.1777082 -0.1562029 -0.1687106 -0.1644020 0.0622835 0.0755550 0.2996205 0.0680943 -0.1711120 -0.1606064 -0.1572128 -0.1913214 -0.1508291 -0.0665664 -0.1815160 0.0844280 -0.1468389 -0.1730681 -0.1642200 -0.1615180 0.0973753 0.0780785 0.0536215 0.0597527 0.0829538 -0.1566124 -0.1574118 -0.1432601 0.0774787 -0.1491940 0.0890526 0.0671328 0.0671868 0.0834029 0.0996851 0.0865669 0.0749820 -0.1600268 -0.1829932 -0.1473638 -0.1600699 -0.1522177 -0.1599883 -0.1563061 0.2865843 0.0885356 0.0842194 -0.1580742 -0.1524751 -0.1790089 -0.1709267 -0.1539347 -0.1632042 0.0582521 0.0437990 0.0872649 0.0861571 0.0843919 0.0739084 0.0686145 0.0749901 -0.1562533 -0.1551202 -0.1708349 0.0861704 0.0602520 -0.1547093 -0.1722946 -0.1498172 -0.1543444 0.0671721 -0.1541026 -0.1553747 -0.1608580 -0.1644117 -0.1399149 0.0463220 0.0720758 0.0531189 0.0731039 0.0932621 0.0966736 0.0738451 0.0725366 0.3426769 0.0875646 0.0740155 0.0534930 0.0819666 0.0762493 0.0755617 0.1035005 0.3135536 0.3596272 -0.1763535 0.0669700 0.0768886 0.0704445
0.1432242 0.1379559 0.0837380 1.1178657 0.1661526 0.1436092 0.1630191 0.1697229 0.0860820 0.1343408 0.1513574 0.1522088 0.1422843 0.1287457 0.1524831 -0.2058838 -0.2007720 -0.2103939 -0.2057470 -0.2010924 -0.2189605 -0.2111558 0.1134934 0.1194148 0.0566791 0.1171663 -0.2071150 -0.1995051 -0.2148730 -0.2102561 -0.1948008 -0.1648729 -0.2191360 0.1491015 -0.2010549 -0.2213099 -0.2085777 -0.1993927 0.1157187 0.1479146 0.1173882 0.1394505 0.1508398 -0.2091486 -0.2016473 -0.1909353 0.1373241 -0.1912647 0.1446445 0.1410599 0.1362516 0.1374544 0.1301000 0.1235822 0.1339635 -0.2021340 -0.2093002 -0.2008567 -0.2156900 -0.2193574 -0.2058332 -0.2025276 0.0828303 0.1296773 0.1476710 -0.2074091 -0.2161818 -0.2114233 -0.2050883 -0.2026667 -0.2060525 0.1310507 0.1215284 0.1665513 0.1124364 0.1543010 0.1419187 0.1615121 0.1285366 -0.2008571 -0.1934171 -0.2117525 0.1603771 0.1495038 -0.2215563 -0.1997641 -0.1925387 -0.2023380 0.1239999 -0.2098213 -0.2032958 -0.2032559 -0.2054451 -0.1549105 0.0860373 0.1345791 0.1451463 0.1268831 0.1323134 0.1200618 0.1435353 0.1471511 0.0850422 0.1603660 0.1424044 0.1067993 0.1333418 0.1280697 0.1697160 0.1307207 0.0820429 0.0719298 -0.1976528 0.1185488 0.1369071 0.1302741
0.1439656 0.1246805 0.0705727 0.1661526 1.1376933 0.1324628 0.1813936 0.1451546 0.0801637 0.1443578 0.1365623 0.1240180 0.1614756 0.1556055 0.1514809 -0.2131290 -0.1877571 -0.2212913 -0.2049900 -0.1963536 -0.2037028 -0.2048025 0.1080060 0.1309998 0.0533846 0.1351638 -0.2275320 -0.2131328 -0.2194029 -0.2067121 -0.1954401 -0.1737850 -0.2201809 0.1414430 -0.2068815 -0.2168302 -0.2032669 -0.2054670 0.1639459 0.1197658 0.1618964 0.1270541 0.1471438 -0.2210257 -0.1912470 -0.1991741 0.1391324 -0.1967325 0.1363216 0.1566110 0.1703307 0.1505531 0.1265591 0.1352760 0.1279262 -0.2131888 -0.2270125 -0.2133465 -0.1985036 -0.2151587 -0.2128843 -0.2057329 0.0572565 0.1391609 0.1396355 -0.1964531 -0.2107089 -0.2124852 -0.2113382 -0.2013248 -0.2107388 0.1313629 0.1043173 0.1452619 0.1389069 0.1498164 0.1451713 0.1400315 0.1343792 -0.2234005 -0.2012775 -0.2047017 0.1400915 0.1359466 -0.2200632 -0.1946431 -0.1778157 -0.2153788 0.1257585 -0.2038378 -0.2008146 -0.2128076 -0.1923123 -0.1516203 0.0863363 0.1341095 0.1383093 0.1239568 0.1444251 0.1205157 0.1271924 0.1730596 0.0526527 0.1488349 0.1368939 0.1203034 0.1526502 0.1465731 0.1466260 0.1305545 0.0508528 0.0695053 -0.2048234 0.1286954 0.1191852 0.1352247
0.1395528 0.1151145 0.1124518 0.1436092 0.1324628 1.1216673 0.1598300 0.1334847 0.1308857 0.1210616 0.1249911 0.1585412 0.1492183 0.1415948 0.1309746 -0.2127994 -0.2040718 -0.2149608 -0.2045986 -0.1985846 -0.2078107 -0.2073359 0.1008288 0.1212391 0.1111950 0.1603420 -0.2090629 -0.2093318 -0.2028271 -0.1980880 -0.1922473 -0.1550651 -0.2139294 0.1049605 -0.2055829 -0.2234949 -0.2049868 -0.2002846 0.1173265 0.1258696 0.1204650 0.1292291 0.1543296 -0.2049963 -0.1856281 -0.2083299 0.1201805 -0.1971264 0.1553476 0.1198653 0.1323800 0.1335492 0.1403803 0.1078229 0.1388166 -0.2039829 -0.2150461 -0.2108349 -0.2002731 -0.2102238 -0.2035431 -0.2044002 0.1284354 0.1265142 0.1350742 -0.2006791 -0.1993960 -0.1998231 -0.2085268 -0.2130880 -0.2090104 0.1112316 0.1052463 0.1439280 0.0908979 0.1444724 0.1163238 0.1260454 0.1624168 -0.1971148 -0.1970839 -0.2088727 0.1370679 0.0914738 -0.2286750 -0.2049305 -0.1971056 -0.2053600 0.1233119 -0.2094353 -0.2032838 -0.1925721 -0.1973281 -0.1463479 0.1005557 0.1296199 0.1229410 0.1256212 0.1246966 0.1297126 0.1407174 0.1320339 0.1200841 0.1463495 0.1261302 0.1307278 0.1332203 0.1103741 0.1700317 0.1358086 0.1211417 0.1353549 -0.1966738 0.1497200 0.1280022 0.1659591
0.1462272 0.1267509 0.0746208 0.1630191 0.1813936 0.1598300 1.1444520 0.1719313 0.0735307 0.1590968 0.1663213 0.1519237 0.1892989 0.1448595 0.1461897 -0.2264931 -0.2217860 -0.2376374 -0.2361003 -0.2214807 -0.2296812 -0.2216559 0.1393808 0.1602986 0.0544836 0.1415931 -0.2258721 -0.2369743 -0.2449189 -0.2383359 -0.2198481 -0.1918828 -0.2308358 0.1499977 -0.2352809 -0.2372072 -0.2253091 -0.2397919 0.1897223 0.1606216 0.1600507 0.1704476 0.1923596 -0.2356446 -0.2120091 -0.2256726 0.1522388 -0.2224973 0.1653832 0.1602251 0.1456739 0.1695927 0.1395931 0.1248535 0.1714409 -0.2139858 -0.2328050 -0.2222116 -0.2321849 -0.2390324 -0.2329604 -0.2297308 0.0693623 0.1540878 0.1475394 -0.2292264 -0.2167105 -0.2247096 -0.2236923 -0.2477618 -0.2319781 0.1690901 0.1313031 0.1277483 0.1428925 0.1532405 0.1681563 0.1785251 0.1911062 -0.2279510 -0.2223775 -0.2383455 0.1375960 0.1517042 -0.2389899 -0.2223504 -0.2095508 -0.2225180 0.1492826 -0.2239621 -0.2203628 -0.2350242 -0.2233153 -0.1649881 0.1129096 0.1653482 0.1467999 0.1499131 0.1578744 0.1468453 0.1635957 0.1511164 0.0680410 0.1539000 0.1409668 0.1247874 0.1546319 0.1470853 0.1497847 0.1589273 0.0544157 0.0612718 -0.2226811 0.1445204 0.1857259 0.1681798
0.1383507 0.1695710 0.0979683 0.1697229 0.1451546 0.1334847 0.1719313 1.1916379 0.0869421 0.1307911 0.1483554 0.1639487 0.1473168 0.1534609 0.1444062 -0.2152074 -0.2055262 -0.2377199 -0.2187509 -0.2112397 -0.2291972 -0.2187469 0.1471943 0.1307590 0.0531322 0.1426199 -0.2087619 -0.2245211 -0.2232668 -0.2176268 -0.2033513 -0.1847035 -0.2308493 0.1547455 -0.2182255 -0.2210712 -0.2158305 -0.2252920 0.1262126 0.1351879 0.1404041 0.1741470 0.1669660 -0.2256256 -0.2102067 -0.2178939 0.1821619 -0.2099892 0.1483497 0.1448701 0.1920218 0.1436144 0.1508607 0.1538196 0.1472247 -0.2214301 -0.2309537 -0.2273236 -0.2137795 -0.2259687 -0.2254716 -0.2182316 0.0725067 0.1523009 0.1459045 -0.2225161 -0.2123643 -0.2132995 -0.2216504 -0.2132180 -0.2246061 0.1163341 0.1300047 0.1744111 0.1052099 0.1549769 0.1661059 0.1791355 0.1535747 -0.2144578 -0.2129299 -0.2312120 0.1557523 0.1330370 -0.2380628 -0.2156609 -0.2152133 -0.2154231 0.1223624 -0.2225987 -0.2101684 -0.2335384 -0.2179122 -0.1567745 0.1004243 0.1446759 0.1661629 0.1206778 0.1520445 0.1442737 0.1528577 0.1698156 0.0680988 0.1609939 0.1523178 0.1298426 0.1535391 0.1316946 0.1290179 0.1473586 0.0657459 0.0825237 -0.2216929 0.1490702 0.1432003 0.1255141
0.0799064 0.1003404 0.3253106 0.0860820 0.0801637 0.1308857 0.0735307 0.0869421 1.2098147 0.0925515 0.0586416 0.0636943 0.0819637 0.0690822 0.0676836 -0.1628556 -0.1405008 -0.1739361 -0.1517515 -0.1614734 -0.1621822 -0.1631825 0.0542270 0.0844002 0.2994209 0.0684876 -0.1718253 -0.1575677 -0.1713297 -0.1816927 -0.1547273 -0.0681311 -0.1734348 0.0801332 -0.1738751 -0.1786438 -0.1750105 -0.1571186 0.0684846 0.0650509 0.0755657 0.0878881 0.0819658 -0.1539230 -0.1681650 -0.1535121 0.0773792 -0.1615101 0.0888226 0.0798402 0.0854117 0.0780694 0.0731667 0.0721141 0.0913146 -0.1636482 -0.1599733 -0.1618778 -0.1521420 -0.1628877 -0.1653923 -0.1432220 0.3119768 0.0663583 0.0888018 -0.1617739 -0.1484175 -0.1570830 -0.1526198 -0.1551049 -0.1508385 0.0781952 0.0411360 0.0608675 0.0892080 0.1057279 0.0693708 0.0951896 0.0743482 -0.1481902 -0.1552111 -0.1783925 0.0681714 0.0551571 -0.1711866 -0.1626696 -0.1608986 -0.1631490 0.0655134 -0.1610703 -0.1527792 -0.1582895 -0.1859107 -0.1225479 0.0394008 0.0559930 0.0515339 0.0858616 0.0998953 0.0895595 0.0767764 0.0934007 0.3225361 0.0794822 0.0788158 0.0650544 0.0808354 0.0547516 0.0836063 0.1219178 0.3055348 0.3398897 -0.1685139 0.0713435 0.0967713 0.0977841
0.1304473 0.1372045 0.0774951 0.1343408 0.1443578 0.1210616 0.1590968 0.1307911 0.0925515 1.0913016 0.1559927 0.1636921 0.1437507 0.1345877 0.1458070 -0.1845680 -0.2045324 -0.2019326 -0.1940926 -0.1964376 -0.2103320 -0.2122811 0.1155734 0.1383332 0.0677101 0.1155491 -0.2131931 -0.2125931 -0.2152407 -0.2142474 -0.1852463 -0.1616721 -0.1988769 0.1332670 -0.2040070 -0.1965852 -0.1934873 -0.2029927 0.1417793 0.1514120 0.1180831 0.1134599 0.1505368 -0.2101888 -0.1949808 -0.1904733 0.1075978 -0.1948421 0.1372140 0.1482404 0.1469840 0.1190169 0.1340383 0.1411577 0.1416734 -0.2164777 -0.2049070 -0.1986802 -0.2119575 -0.2098068 -0.2076161 -0.1944828 0.0914655 0.1347578 0.1264110 -0.1946936 -0.2025823 -0.2105111 -0.2174270 -0.2032434 -0.2060016 0.1062371 0.1361410 0.1336213 0.1534905 0.1410302 0.1575280 0.1401336 0.1504942 -0.2056775 -0.1988493 -0.1948593 0.1193034 0.1371758 -0.2194117 -0.2005900 -0.1983362 -0.2125141 0.1357419 -0.2108478 -0.1899819 -0.2179011 -0.1897125 -0.1510532 0.0965029 0.1406453 0.1137153 0.1280995 0.1390888 0.1298995 0.1535169 0.1348279 0.0866789 0.1486586 0.1136618 0.1292694 0.1392603 0.1423062 0.1403194 0.1347539 0.0894304 0.0845958 -0.2055350 0.1335143 0.1326504 0.1436911
0.1545907 0.1413422 0.0625332 0.1513574 0.1365623 0.1249911 0.1663213 0.1483554 0.0586416 0.1559927 1.0864606 0.1837658 0.1692896 0.1478993 0.1460447 -0.2113080 -0.2093986 -0.2133260 -0.2230005 -0.2080129 -0.2191896 -0.2229826 0.1415692 0.1464501 0.0466263 0.1474874 -0.2257574 -0.2249964 -0.2333766 -0.2214410 -0.1971117 -0.1795896 -0.2215129 0.1789649 -0.2240603 -0.2116124 -0.2135362 -0.2309346 0.1497770 0.1442549 0.1764801 0.1615986 0.1639814 -0.2185139 -0.2011053 -0.2064759 0.1390715 -0.2084113 0.1505703 0.1570884 0.1422728 0.1828753 0.1438727 0.1316046 0.1565386 -0.2074563 -0.2181723 -0.2124153 -0.2079979 -0.2263785 -0.2184551 -0.2144929 0.0781454 0.1523280 0.1527302 -0.2054902 -0.2131886 -0.2288419 -0.2054010 -0.2202859 -0.2133518 0.1527226 0.1419226 0.1607475 0.1405590 0.1638126 0.1673841 0.1659173 0.1762143 -0.2196054 -0.2064231 -0.2077456 0.1339451 0.1407221 -0.2251284 -0.2238641 -0.2080299 -0.2095758 0.1309673 -0.2155399 -0.2110134 -0.2062700 -0.2067353 -0.1534655 0.1143304 0.1531391 0.1388698 0.1477967 0.1432512 0.1375543 0.1584962 0.1355675 0.0522523 0.1615878 0.1495616 0.1421161 0.1470605 0.1447548 0.1359308 0.1626977 0.0656727 0.0668366 -0.2191644 0.1454459 0.1581295 0.1481626
0.1599929 0.1425480 0.0556617 0.1522088 0.1240180 0.1585412 0.1519237 0.1639487 0.0636943 0.1636921 0.1837658 1.1416254 0.1614796 0.1268493 0.1608534 -0.2215926 -0.2054976 -0.2434577 -0.2179664 -0.2074631 -0.2160427 -0.2116605 0.1356452 0.1167747 0.0423100 0.1350833 -0.2254368 -0.2197795 -0.2269522 -0.2176701 -0.2014392 -0.1791730 -0.2344971 0.1530744 -0.2087013 -0.2286552 -0.2225489 -0.2240955 0.1459310 0.1495889 0.1384906 0.1614786 0.1400397 -0.2167933 -0.2097212 -0.2076051 0.1262776 -0.2021189 0.1523315 0.1772355 0.1587042 0.1510801 0.1647048 0.1502519 0.1482511 -0.2063799 -0.2188085 -0.2166570 -0.2061554 -0.2346622 -0.2175189 -0.2347555 0.0666062 0.1484794 0.1400552 -0.1973424 -0.2215234 -0.2203102 -0.2157249 -0.2160131 -0.2243963 0.1099541 0.1395872 0.1703788 0.1396969 0.1407746 0.1493669 0.1461255 0.1658707 -0.2148077 -0.1972882 -0.2138220 0.1368979 0.1380383 -0.2378390 -0.2219350 -0.2125738 -0.2207127 0.1249923 -0.2215424 -0.2062694 -0.2254481 -0.2071763 -0.1633172 0.1023241 0.1594366 0.1284098 0.1268922 0.1507009 0.1589618 0.1926488 0.1557817 0.0680915 0.1442914 0.1499812 0.1278571 0.1440946 0.1318695 0.1672862 0.1375535 0.0714990 0.0762533 -0.2175146 0.1621339 0.1463943 0.1526980
0.1454567 0.1751001 0.0925115 0.1422843 0.1614756 0.1492183 0.1892989 0.1473168 0.0819637 0.1437507 0.1692896 0.1614796 1.1237928 0.1656481 0.1320038 -0.2061457 -0.1972361 -0.2217934 -0.2147225 -0.2083794 -0.2115425 -0.2071379 0.1460031 0.1470853 0.0662997 0.1490164 -0.2084123 -0.2113466 -0.2204161 -0.2148135 -0.1954957 -0.1725010 -0.2158436 0.1539283 -0.2147414 -0.2205000 -0.2208468 -0.2068960 0.1470734 0.1474429 0.1564490 0.1399191 0.1571584 -0.2206622 -0.1989429 -0.2081624 0.1575865 -0.2026863 0.1551493 0.1364233 0.1602964 0.1475785 0.1348585 0.1511960 0.1522664 -0.2057314 -0.2123362 -0.2194137 -0.1949082 -0.2224385 -0.2134774 -0.2130444 0.0700257 0.1388752 0.1074098 -0.2142912 -0.2066106 -0.2203631 -0.1963252 -0.2242727 -0.2116729 0.1314088 0.1386753 0.1419062 0.1413681 0.1480363 0.1498308 0.1373282 0.1397706 -0.2060965 -0.2059094 -0.2219595 0.1338179 0.1420449 -0.2168513 -0.2181244 -0.1885122 -0.2023650 0.1225682 -0.2171456 -0.1930847 -0.2270001 -0.2044727 -0.1589067 0.1214846 0.1432645 0.1262224 0.1288059 0.1471075 0.1299588 0.1448856 0.1261255 0.0779761 0.1470904 0.1290287 0.1260375 0.1369251 0.1254491 0.1381947 0.1495638 0.0614737 0.0811299 -0.2169499 0.1521961 0.1481057 0.1413073
0.1403183 0.1593699 0.0826109 0.1287457 0.1556055 0.1415948 0.1448595 0.1534609 0.0690822 0.1345877 0.1478993 0.1268493 0.1656481 1.1229687 0.1401540 -0.2119931 -0.2059496 -0.2207841 -0.2249919 -0.2112148 -0.2186193 -0.2213487 0.1434409 0.1228904 0.0488327 0.1593705 -0.2239272 -0.2232881 -0.2273754 -0.2148291 -0.2067741 -0.1797310 -0.2304901 0.1589461 -0.2120117 -0.2214167 -0.2117769 -0.2175711 0.1574500 0.1251138 0.1382762 0.1197479 0.1726266 -0.2247677 -0.2094124 -0.2161575 0.1229439 -0.2260299 0.1794672 0.1330767 0.1710866 0.1868880 0.1665415 0.1342496 0.1371504 -0.2094308 -0.2243911 -0.2335807 -0.2182937 -0.2151453 -0.2254409 -0.2158138 0.0758616 0.1443944 0.1448630 -0.2104195 -0.2171302 -0.2226547 -0.2125747 -0.2226688 -0.2159026 0.1236573 0.1025370 0.1353642 0.1206832 0.1636432 0.1742062 0.1800400 0.1576606 -0.2249607 -0.2118757 -0.2226821 0.1301703 0.1506695 -0.2358932 -0.2127343 -0.1970557 -0.2286627 0.1311861 -0.2231996 -0.2113261 -0.2296264 -0.2033003 -0.1639478 0.1170155 0.1807818 0.1196520 0.1480158 0.1732688 0.1597358 0.1352323 0.1584372 0.0721905 0.1309288 0.1397275 0.1259415 0.1596028 0.1520699 0.1537420 0.1639031 0.0801959 0.0709382 -0.2234239 0.1618463 0.1622243 0.1652479
0.1547434 0.1402371 0.0748332 0.1524831 0.1514809 0.1309746 0.1461897 0.1444062 0.0676836 0.1458070 0.1460447 0.1608534 0.1320038 0.1401540 1.1723437 -0.2039237 -0.2076234 -0.2190401 -0.2199815 -0.2107776 -0.2223717 -0.2126071 0.1445539 0.1335422 0.0314912 0.1684861 -0.2212991 -0.2196157 -0.2286538 -0.2133052 -0.2062185 -0.1880816 -0.2140043 0.1354328 -0.2172051 -0.2227108 -0.2122714 -0.2186102 0.1666022 0.1872383 0.1414622 0.1337843 0.1671913 -0.2165747 -0.2007934 -0.2061595 0.1373844 -0.2222099 0.1747420 0.1585638 0.1567153 0.1570271 0.1346930 0.1581691 0.1461848 -0.2243560 -0.2266497 -0.2194288 -0.2051449 -0.2318793 -0.2193445 -0.2158062 0.0582325 0.1332939 0.1225601 -0.2099620 -0.2142552 -0.2267866 -0.2176723 -0.2235349 -0.2119166 0.1335892 0.1171375 0.1797959 0.1448908 0.1495489 0.1661567 0.1546553 0.1224491 -0.2248990 -0.2139476 -0.2159085 0.1673148 0.1299139 -0.2317910 -0.2144601 -0.2037159 -0.2150409 0.1347717 -0.2191080 -0.2137892 -0.2160485 -0.2072202 -0.1455188 0.1062100 0.1941811 0.1649058 0.1326449 0.1687431 0.1600562 0.1379950 0.1698212 0.0362032 0.1300588 0.1492691 0.1246213 0.1621091 0.1144906 0.1538638 0.1497700 0.0505719 0.0418807 -0.2132366 0.1419816 0.1532707 0.1402875
-0.2045300 -0.1926905 -0.1548702 -0.2058838 -0.2131290 -0.2127994 -0.2264931 -0.2152074 -0.1628556 -0.1845680 -0.2113080 -0.2215926 -0.2061457 -0.2119931 -0.2039237 1.1173279 0.2280281 0.2695176 0.2545547 0.2756999 0.2409513 0.2743376 -0.1918922 -0.2052993 -0.1166115 -0.1998172 0.2672869 0.3081050 0.2592809 0.2941539 0.2570615 0.2156795 0.2669094 -0.2164080 0.2757677 0.3015597 0.2724372 0.2770715 -0.2065787 -0.2244809 -0.2054311 -0.2072145 -0.2264958 0.2922485 0.2485299 0.2786698 -0.2013171 0.2645733 -0.2066880 -0.2086250 -0.2127342 -0.2045684 -0.2078963 -0.2002849 -0.2109362 0.2437443 0.2395132 0.2866958 0.2665541 0.3002515 0.2797479 0.2328314 -0.1550213 -0.2005755 -0.2077944 0.2441780 0.2685421 0.2744008 0.2365672 0.2458665 0.2718522 -0.1919167 -0.1791936 -0.2125848 -0.2017508 -0.2120613 -0.2134010 -0.2007227 -0.2221733 0.2816340 0.2800914 0.2579392 -0.2077978 -0.2113940 0.2957497 0.2836874 0.2641317 0.2431485 -0.1735231 0.2560496 0.2550828 0.2759630 0.2471864 0.1902338 -0.1395392 -0.2140225 -0.2013302 -0.1904050 -0.2038447 -0.2091394 -0.2148817 -0.2167905 -0.1528664 -0.1957838 -0.1949530 -0.1768890 -0.1992073 -0.2041885 -0.2046267 -0.2049651 -0.1584420 -0.1529802 0.2772263 -0.2067734 -0.2183751 -0.2076855
-0.2016313 -0.1824518 -0.1229430 -0.2007720 -0.1877571 -0.2040718 -0.2217860 -0.2055262 -0.1405008 -0.2045324 -0.2093986 -0.2054976 -0.1972361 -0.2059496 -0.2076234 0.2280281 1.1125934 0.2642108 0.2673753 0.2587795 0.2868787 0.2610548 -0.1942072 -0.1871829 -0.1143639 -0.1934323 0.2265947 0.2587112 0.2756330 0.2442144 0.2446758 0.2204218 0.2915150 -0.2067219 0.2604782 0.2434133 0.2025355 0.3731301 -0.2112276 -0.2149523 -0.1894376 -0.1999240 -0.2258450 0.2365809 0.2658915 0.2340513 -0.1988450 0.2691889 -0.2198101 -0.2072491 -0.2206258 -0.2018528 -0.2060477 -0.1946713 -0.2008665 0.2713106 0.2476885 0.2240835 0.2226505 0.2751404 0.2775814 0.2851556 -0.1265281 -0.2114129 -0.1887144 0.2238314 0.2701542 0.2526217 0.2331220 0.2308481 0.2649015 -0.1818626 -0.1770738 -0.2059546 -0.1959683 -0.1913770 -0.2049661 -0.2072075 -0.2109502 0.2434596 0.2524757 0.2937010 -0.2022383 -0.2104038 0.2687572 0.2959476 0.2462820 0.2475946 -0.1832128 0.2348034 0.2711844 0.2491942 0.2462464 0.1714106 -0.1487147 -0.2020607 -0.1974708 -0.1792823 -0.1867567 -0.2105913 -0.1936271 -0.2029947 -0.1383986 -0.1969275 -0.1965160 -0.1684824 -0.1869571 -0.2073669 -0.2064084 -0.2044128 -0.1345840 -0.1440728 0.2620007 -0.1997353 -0.1931235 -0.2035644
-0.2118347 -0.2085007 -0.1730380 -0.2103939 -0.2212913 -0.2149608 -0.2376374 -0.2377199 -0.1739361 -0.2019326 -0.2133260 -0.2434577 -0.2217934 -0.2207841 -0.2190401 0.2695176 0.2642108 1.1689857 0.2698999 0.2784621 0.2620218 0.2946801 -0.2028628 -0.2038149 -0.1275087 -0.2169705 0.3330916 0.3008990 0.2736465 0.2995510 0.2807104 0.2332009 0.2826685 -0.2153014 0.2643714 0.2886879 0.2795307 0.2900738 -0.2195022 -0.2189243 -0.2146565 -0.2152808 -0.2312343 0.3378777 0.2576088 0.2731839 -0.2199827 0.2639340 -0.2221297 -0.2268881 -0.2195704 -0.2329932 -0.2251344 -0.2059141 -0.2180566 0.2417558 0.3135293 0.3053210 0.2616094 0.3180231 0.2989958 0.2666215 -0.1603449 -0.2102268 -0.2159694 0.2762747 0.2599629 0.2537570 0.2816261 0.2571893 0.2640744 -0.1958334 -0.1859366 -0.2327045 -0.2119979 -0.2110761 -0.2265512 -0.2246891 -0.2201471 0.2537208 0.2717900 0.2692070 -0.2074252 -0.2182301 0.3081255 0.2917405 0.2703069 0.2776065 -0.1904243 0.3080820 0.2531907 0.2926740 0.2687221 0.1971530 -0.1617101 -0.2166828 -0.1886565 -0.2031972 -0.2163825 -0.2141118 -0.2123467 -0.2206351 -0.1633706 -0.2029429 -0.2033686 -0.1737093 -0.2046810 -0.2098817 -0.2240783 -0.2202834 -0.1489141 -0.1557570 0.2791521 -0.2052943 -0.2256409 -0.2181785
-0.2054081 -0.2019622 -0.1777082 -0.2057470 -0.2049900 -0.2045986 -0.2361003 -0.2187509 -0.1517515 -0.1940926 -0.2230005 -0.2179664 -0.2147225 -0.2249919 -0.2199815 0.2545547 0.2673753 0.2698999 1.1398423 0.2843849 0.3067852 0.2620802 -0.1961104 -0.1978107 -0.1153726 -0.2144219 0.2793482 0.2575677 0.3163250 0.2934161 0.2761145 0.2328806 0.2951113 -0.2173285 0.2807997 0.2784622 0.2554446 0.2998026 -0.2112961 -0.2235575 -0.2152360 -0.2096167 -0.2356029 0.2551125 0.2693399 0.2580059 -0.1982382 0.2937764 -0.2304115 -0.2215572 -0.2393373 -0.2256623 -0.2305521 -0.2060037 -0.2135872 0.2846943 0.2915379 0.2843868 0.2713287 0.2563193 0.2887621 0.3086753 -0.1491193 -0.2227121 -0.2135149 0.2541772 0.2860334 0.2799726 0.2759652 0.2983226 0.2836427 -0.1979395 -0.1895391 -0.2161616 -0.2200653 -0.2140839 -0.2216151 -0.2297579 -0.2315927 0.2865893 0.2786648 0.2821946 -0.2284273 -0.2111736 0.2755956 0.2952610 0.2618878 0.2932355 -0.1927605 0.2895082 0.2347191 0.2789098 0.2685744 0.2048893 -0.1514159 -0.2180916 -0.2094837 -0.2011622 -0.2032094 -0.2224286 -0.2197317 -0.2174292 -0.1549995 -0.2067253 -0.2059558 -0.1721752 -0.2031511 -0.2009773 -0.2165241 -0.2304193 -0.1572369 -0.1483539 0.2626118 -0.2185486 -0.2195843 -0.2149680
-0.1966818 -0.1924429 -0.1562029 -0.2010924 -0.1963536 -0.1985846 -0.2214807 -0.2112397 -0.1614734 -0.1964376 -0.2080129 -0.2074631 -0.2083794 -0.2112148 -0.2107776 0.2756999 0.2587795 0.2784621 0.2843849 1.1084962 0.2774767 0.2841626 -0.1877932 -0.1881602 -0.1251280 -0.2027310 0.2807243 0.2782761 0.2897276 0.2859930 0.2660731 0.2149609 0.2853591 -0.2077012 0.2862829 0.2810216 0.2754894 0.2817424 -0.2046060 -0.2137432 -0.2028109 -0.2037253 -0.2229944 0.2816101 0.2680981 0.2672803 -0.1969284 0.2697535 -0.2155140 -0.2088953 -0.2102469 -0.2200229 -0.2102747 -0.1964048 -0.2002944 0.2760301 0.2889978 0.2847866 0.2742912 0.2799418 0.2797954 0.2711461 -0.1533337 -0.1991014 -0.1995348 0.2648323 0.2678037 0.2848924 0.2673081 0.2797248 0.2730799 -0.1776918 -0.1712334 -0.2139689 -0.1966153 -0.2103077 -0.2180979 -0.2064642 -0.2181492 0.2716049 0.2810549 0.2893157 -0.2006449 -0.2108471 0.2928551 0.2827121 0.2573652 0.2644504 -0.1809089 0.2811933 0.2693192 0.2787889 0.2659924 0.2042306 -0.1559809 -0.2141214 -0.1890831 -0.1934326 -0.2016232 -0.2051376 -0.2114607 -0.2140270 -0.1461694 -0.1954057 -0.1999721 -0.1639529 -0.1928972 -0.1978881 -0.2095884 -0.2058267 -0.1494512 -0.1527025 0.2710755 -0.1997761 -0.2133527 -0.2054994
-0.2083235 -0.1927564 -0.1687106 -0.2189605 -0.2037028 -0.2078107 -0.2296812 -0.2291972 -0.1621822 -0.2103320 -0.2191896 -0.2160427 -0.2115425 -0.2186193 -0.2223717 0.2409513 0.2868787 0.2620218 0.3067852 0.2774767 1.1631714 0.2570851 -0.1926403 -0.2012650 -0.1280425 -0.2192504 0.2719280 0.2707156 0.2697268 0.2686136 0.2675041 0.2283437 0.3039281 -0.2215683 0.2696033 0.2968193 0.2618261 0.2742242 -0.2289194 -0.2127123 -0.2053009 -0.2126861 -0.2350683 0.2785527 0.2706001 0.3024554 -0.2023709 0.2475913 -0.2117963 -0.2278905 -0.2288507 -0.2177912 -0.2239970 -0.2102345 -0.2053985 0.3108693 0.2844633 0.2151439 0.2685989 0.3033706 0.2844272 0.2687219 -0.1624196 -0.2162788 -0.2049064 0.2755380 0.2810361 0.2559530 0.2858314 0.3107570 0.2744265 -0.1911456 -0.1775631 -0.2216031 -0.1998429 -0.2120397 -0.2228849 -0.2252582 -0.2316491 0.2854196 0.2395446 0.2897584 -0.2073783 -0.2228036 0.2767227 0.3025172 0.2457635 0.3101647 -0.1845583 0.2768972 0.2473101 0.2896059 0.2719601 0.2151457 -0.1575959 -0.2168104 -0.2024710 -0.1980961 -0.2153953 -0.2206718 -0.2173059 -0.2095883 -0.1570255 -0.2056790 -0.1986161 -0.1733147 -0.2056730 -0.2069739 -0.2270162 -0.2149608 -0.1608510 -0.1678660 0.2896940 -0.2087542 -0.2326923 -0.2209082
-0.2087020 -0.1929504 -0.1644020 -0.2111558 -0.2048025 -0.2073359 -0.2216559 -0.2187469 -0.1631825 -0.2122811 -0.2229826 -0.2116605 -0.2071379 -0.2213487 -0.2126071 0.2743376 0.2610548 0.2946801 0.2620802 0.2841626 0.2570851 1.1788789 -0.1911462 -0.1858355 -0.1238351 -0.2053987 0.3165165 0.2547117 0.2801972 0.2921381 0.2658246 0.2343111 0.2902262 -0.2173654 0.2701133 0.2803652 0.2761163 0.2699010 -0.2197422 -0.2163581 -0.2143855 -0.2028522 -0.2241849 0.2778012 0.2412950 0.2769944 -0.2043221 0.2742792 -0.2203872 -0.2163800 -0.2130779 -0.2151185 -0.2059058 -0.2150612 -0.2014080 0.2676528 0.2811331 0.3274223 0.2453378 0.2618948 0.2867393 0.2776994 -0.1592910 -0.2085936 -0.2026440 0.2403120 0.2523950 0.2870431 0.2677478 0.2594222 0.2944892 -0.1889892 -0.1785344 -0.2158876 -0.2003271 -0.2125107 -0.2182466 -0.2140751 -0.2266483 0.2706009 0.2951179 0.2564707 -0.2109225 -0.2092385 0.2675211 0.2553704 0.2670103 0.2642460 -0.1780025 0.2809017 0.2600973 0.2777842 0.2431281 0.1973242 -0.1641138 -0.2181476 -0.1966257 -0.1929051 -0.2109520 -0.2172071 -0.2110412 -0.2119531 -0.1574079 -0.1970199 -0.2115799 -0.1694030 -0.2007502 -0.2136012 -0.2195293 -0.2222799 -0.1521246 -0.1542232 0.2399944 -0.2012888 -0.2056435 -0.2231495
0.1481596 0.1237281 0.0622835 0.1134934 0.1080060 0.1008288 0.1393808 0.1471943 0.0542270 0.1155734 0.1415692 0.1356452 0.1460031 0.1434409 0.1445539 -0.1918922 -0.1942072 -0.2028628 -0.1961104 -0.1877932 -0.1926403 -0.1911462 1.0520948 0.1263455 0.0545581 0.1517390 -0.1864408 -0.2053860 -0.1930033 -0.2037442 -0.1828093 -0.1624344 -0.2077998 0.1509423 -0.1932009 -0.1963724 -0.1883170 -0.2126930 0.1616676 0.1464550 0.1466814 0.1370742 0.1632598 -0.2056455 -0.1744412 -0.1950933 0.1374924 -0.1927521 0.1485602 0.1273836 0.1423279 0.1581684 0.1419289 0.1393166 0.1606194 -0.1999962 -0.1998651 -0.1971126 -0.1834936 -0.1996774 -0.1990476 -0.1995466 0.0589787 0.1495722 0.1233050 -0.1945647 -0.2041377 -0.1982873 -0.1977880 -0.2093897 -0.1841327 0.1193416 0.1106350 0.1243395 0.1314994 0.1497485 0.1289330 0.1428025 0.1188313 -0.2017909 -0.1847667 -0.1971179 0.1444989 0.1651488 -0.2032462 -0.1959320 -0.1873030 -0.1934062 0.1003334 -0.2006053 -0.1943573 -0.2020224 -0.1942079 -0.1455073 0.0977645 0.1631677 0.1460987 0.1353955 0.1393876 0.1350897 0.1296778 0.1388488 0.0507006 0.1117824 0.1274916 0.1125440 0.1401584 0.1170127 0.1127181 0.1511234 0.0589039 0.0558318 -0.1998588 0.1213464 0.1371059 0.1355942
0.1286705 0.1186537 0.0755550 0.1194148 0.1309998 0.1212391 0.1602986 0.1307590 0.0844002 0.1383332 0.1464501 0.1167747 0.1470853 0.1228904 0.1335422 -0.2052993 -0.1871829 -0.2038149 -0.1978107 -0.1881602 -0.2012650 -0.1858355 0.1263455 1.1370002 0.0576737 0.1285485 -0.2084376 -0.1911525 -0.1929285 -0.1980617 -0.1845829 -0.1597437 -0.2084904 0.1494970 -0.1907428 -0.2024235 -0.1865375 -0.2049524 0.1586962 0.1363089 0.1258983 0.0982400 0.1647910 -0.2049327 -0.1837296 -0.1908975 0.1276806 -0.1963834 0.1584716 0.1336439 0.1220289 0.1467540 0.1474322 0.1273719 0.1466198 -0.1923997 -0.2112210 -0.2011831 -0.1884876 -0.2009051 -0.1960882 -0.1979653 0.0472676 0.1029938 0.1230818 -0.1937240 -0.1976728 -0.1994659 -0.2023703 -0.1946327 -0.2013981 0.1020207 0.1095787 0.1107164 0.1246228 0.1157513 0.1592227 0.1491783 0.1219076 -0.1992984 -0.1860212 -0.1949197 0.1473776 0.1306550 -0.2001348 -0.1963154 -0.1833041 -0.2009940 0.1575319 -0.1827127 -0.1942524 -0.1995073 -0.1876589 -0.1452219 0.0946139 0.1219013 0.1189969 0.1332714 0.1371556 0.1771766 0.1082224 0.1419978 0.0641031 0.1244397 0.0994952 0.1185997 0.1401023 0.1135160 0.1504866 0.1441435 0.0763681 0.0761048 -0.1998345 0.1149772 0.1439539 0.1330385
0.0486975 0.0624908 0.2996205 0.0566791 0.0533846 0.1111950 0.0544836 0.0531322 0.2994209 0.0677101 0.0466263 0.0423100 0.0662997 0.0488327 0.0314912 -0.1166115 -0.1143639 -0.1275087 -0.1153726 -0.1251280 -0.1280425 -0.1238351 0.0545581 0.0576737 1.1008062 0.0655551 -0.1322961 -0.1194880 -0.1211894 -0.1402685 -0.1106277 -0.0440448 -0.1384962 0.0601499 -0.1199930 -0.1264568 -0.1340777 -0.1129837 0.0468082 0.0587907 0.0511429 0.0576390 0.0635992 -0.1156421 -0.1195712 -0.1122021 0.0479005 -0.1172943 0.0670438 0.0423877 0.0515763 0.0576213 0.0694708 0.0488779 0.0605931 -0.1172836 -0.1298119 -0.1144081 -0.1196821 -0.1219531 -0.1207986 -0.1125829 0.3163453 0.0391591 0.0694222 -0.1267046 -0.1134653 -0.1350261 -0.1219565 -0.1228815 -0.1233400 0.0421152 0.0357354 0.0565462 0.0797084 0.0538676 0.0381692 0.0277062 0.0470967 -0.1003798 -0.1217027 -0.1277036 0.0565063 0.0360684 -0.1185628 -0.1217964 -0.1163290 -0.1267065 0.0633998 -0.1091955 -0.1175419 -0.1302658 -0.1230956 -0.1085313 0.0211999 0.0450863 0.0296163 0.0742514 0.0703506 0.0481854 0.0630472 0.0539593 0.3008565 0.0666248 0.0613393 0.0463065 0.0691187 0.0519952 0.0541255 0.0857578 0.3013432 0.3004448 -0.1350466 0.0549107 0.0437122 0.0555481
0.1457869 0.1351359 0.0680943 0.1171663 0.1351638 0.1603420 0.1415931 0.1426199 0.0684876 0.1155491 0.1474874 0.1350833 0.1490164 0.1593705 0.1684861 -0.1998172 -0.1934323 -0.2169705 -0.2144219 -0.2027310 -0.2192504 -0.2053987 0.1517390 0.1285485 0.0655551 1.1107508 -0.2151569 -0.2065107 -0.2207204 -0.2010887 -0.1953270 -0.1747004 -0.2253805 0.1580700 -0.2071169 -0.2190334 -0.2141483 -0.2086857 0.1313293 0.1381945 0.1371117 0.1308476 0.1696485 -0.2182947 -0.1842201 -0.2010607 0.1241403 -0.1948380 0.1620637 0.1355003 0.1434523 0.1311664 0.1188763 0.1380928 0.1321628 -0.2103523 -0.2145211 -0.2096484 -0.2183364 -0.2181750 -0.2093159 -0.2161491 0.0741005 0.1422927 0.1268739 -0.1973074 -0.2067584 -0.2135011 -0.2177577 -0.2085586 -0.2116978 0.1329875 0.0963714 0.1614791 0.1357432 0.1362630 0.1353250 0.1699513 0.1571987 -0.1946760 -0.2053069 -0.2163061 0.1278601 0.1402778 -0.2207149 -0.2106641 -0.1990231 -0.2109138 0.1161810 -0.2017269 -0.2045970 -0.2123204 -0.1974822 -0.1546526 0.1056947 0.1319499 0.1339057 0.1309051 0.1313826 0.1024693 0.1373104 0.1425554 0.0778398 0.1530521 0.1487843 0.1128590 0.1371938 0.1452702 0.1638375 0.1545581 0.0795301 0.0685986 -0.1959635 0.1582329 0.1711431 0.1469360
-0.2008924 -0.2099848 -0.1711120 -0.2071150 -0.2275320 -0.2090629 -0.2258721 -0.2087619 -0.1718253 -0.2131931 -0.2257574 -0.2254368 -0.2084123 -0.2239272 -0.2212991 0.2672869 0.2265947 0.3330916 0.2793482 0.2807243 0.2719280 0.3165165 -0.1864408 -0.2084376 -0.1322961 -0.2151569 1.1850851 0.2798998 0.2684494 0.2697094 0.2634786 0.2290349 0.3190132 -0.2298181 0.2662153 0.2653873 0.2779211 0.2647875 -0.2350307 -0.2327401 -0.1914485 -0.2108290 -0.2239958 0.2673616 0.2634383 0.2407223 -0.2066673 0.2552574 -0.2268875 -0.2147826 -0.2229398 -0.2314754 -0.2314283 -0.2171607 -0.2185300 0.2954325 0.3016874 0.2790940 0.2676337 0.2776495 0.2951447 0.2366038 -0.1502907 -0.2165694 -0.2262100 0.2318257 0.2525482 0.6778055 0.2942883 0.2466080 0.2784203 -0.1954910 -0.1858688 -0.2196084 -0.1958969 -0.2244914 -0.2168107 -0.2187679 -0.2209097 0.2531435 0.2531936 0.2807351 -0.2030243 -0.2249490 0.2606547 0.2589539 0.2600199 0.2564711 -0.1811686 0.2416453 0.2651871 0.3234988 0.2664116 0.1848130 -0.1586907 -0.2127374 -0.1966075 -0.2168174 -0.2109068 -0.2204401 -0.2075246 -0.2175241 -0.1663931 -0.2085037 -0.2089783 -0.1788702 -0.2084196 -0.2319300 -0.2226989 -0.2199678 -0.1668767 -0.1658436 0.2458127 -0.2156573 -0.2260609 -0.2221819
-0.2157781 -0.2126874 -0.1606064 -0.1995051 -0.2131328 -0.2093318 -0.2369743 -0.2245211 -0.1575677 -0.2125931 -0.2249964 -0.2197795 -0.2113466 -0.2232881 -0.2196157 0.3081050 0.2587112 0.3008990 0.2575677 0.2782761 0.2707156 0.2547117 -0.2053860 -0.1911525 -0.1194880 -0.2065107 0.2798998 1.2075454 0.2706783 0.3042369 0.2508765 0.2329411 0.2701284 -0.2211417 0.2705557 0.2695899 0.2720810 0.2740279 -0.2147157 -0.2153787 -0.2159786 -0.2145140 -0.2392612 0.3005607 0.2848432 0.2789491 -0.2123159 0.2740500 -0.2315840 -0.2220062 -0.2209818 -0.2252677 -0.2305021 -0.2034077 -0.2181443 0.2389007 0.3067732 0.2645856 0.2679826 0.2924126 0.2995161 0.2445621 -0.1614068 -0.2190612 -0.2168677 0.2836148 0.2661615 0.2605404 0.2634325 0.2543051 0.3182207 -0.1892013 -0.1846619 -0.2291593 -0.2070172 -0.2140763 -0.2222923 -0.2168715 -0.2252868 0.2889534 0.2909427 0.2909110 -0.2280626 -0.2324055 0.3069693 0.2864041 0.2713798 0.2842315 -0.1864559 0.2641080 0.3053338 0.2855191 0.2715703 0.2169012 -0.1617011 -0.2237730 -0.2020759 -0.2064804 -0.2142570 -0.2150569 -0.2298379 -0.2285796 -0.1440479 -0.2150543 -0.2059884 -0.1810382 -0.2084372 -0.2194333 -0.2205485 -0.2167920 -0.1567565 -0.1501592 0.2612206 -0.2078288 -0.2438320 -0.2132417
-0.2173524 -0.2071430 -0.1572128 -0.2148730 -0.2194029 -0.2028271 -0.2449189 -0.2232668 -0.1713297 -0.2152407 -0.2333766 -0.2269522 -0.2204161 -0.2273754 -0.2286538 0.2592809 0.2756330 0.2736465 0.3163250 0.2897276 0.2697268 0.2801972 -0.1930033 -0.1929285 -0.1211894 -0.2207204 0.2684494 0.2706783 1.1872528 0.2742967 0.2653186 0.2312403 0.2892609 -0.2233957 0.2805650 0.3148252 0.2728373 0.2772116 -0.2014161 -0.2202651 -0.2238289 -0.2161008 -0.2306819 0.2732793 0.2714756 0.2576922 -0.1970098 0.3038236 -0.2406865 -0.2253451 -0.2355425 -0.2247389 -0.2235627 -0.2122758 -0.2096992 0.2606687 0.3110439 0.2703543 0.2446408 0.3686235 0.2973891 0.2555611 -0.1654841 -0.2154787 -0.2150255 0.2735568 0.2571889 0.3166414 0.2988459 0.2884010 0.2729519 -0.2013594 -0.1870593 -0.2262631 -0.2240410 -0.2112925 -0.2244617 -0.2265538 -0.2314305 0.3011512 0.2761670 0.2841185 -0.2216499 -0.2191038 0.2712540 0.2687865 0.2653028 0.2949371 -0.1994672 0.2981425 0.2579254 0.2656914 0.3184542 0.2110929 -0.1653393 -0.2320186 -0.2088674 -0.2084928 -0.2117738 -0.2268070 -0.2201379 -0.2336397 -0.1693864 -0.2147338 -0.2082058 -0.1750673 -0.2083419 -0.2038895 -0.2223107 -0.2212773 -0.1528670 -0.1591958 0.2583917 -0.2084042 -0.2398365 -0.2169936
-0.2067606 -0.2100723 -0.1913214 -0.2102561 -0.2067121 -0.1980880 -0.2383359 -0.2176268 -0.1816927 -0.2142474 -0.2214410 -0.2176701 -0.2148135 -0.2148291 -0.2133052 0.2941539 0.2442144 0.2995510 0.2934161 0.2859930 0.2686136 0.2921381 -0.2037442 -0.1980617 -0.1402685 -0.2010887 0.2697094 0.3042369 0.2742967 1.2303312 0.2721024 0.2333280 0.3133491 -0.2244755 0.2892753 0.2806937 0.2524178 0.2952883 -0.2283634 -0.2289591 -0.2006230 -0.2119217 -0.2383886 0.3018809 0.2709387 0.2612263 -0.2008889 0.2821581 -0.2292418 -0.2323270 -0.2166618 -0.2179931 -0.2284529 -0.2078071 -0.2066291 0.2771281 0.3079686 0.3222499 0.2565380 0.2883836 0.2983346 0.2870913 -0.1672918 -0.2156585 -0.2217966 0.2643666 0.2652467 0.2667148 0.2773337 0.2755587 0.2759410 -0.1994840 -0.1754742 -0.2250507 -0.2016250 -0.2201559 -0.2227601 -0.2347240 -0.2353076 0.2720208 0.2890772 0.2649179 -0.2100752 -0.2156563 0.3046578 0.2885230 0.2859443 0.2635094 -0.1763502 0.2846915 0.2901652 0.2831355 0.2567357 0.2134590 -0.1688589 -0.2258724 -0.2074307 -0.1952860 -0.2042230 -0.2200525 -0.2130603 -0.2162611 -0.1851966 -0.1950196 -0.1950765 -0.1707328 -0.2043878 -0.2073733 -0.2377113 -0.2165960 -0.1737966 -0.1806555 0.3014867 -0.2049873 -0.2192425 -0.2054616
-0.1906334 -0.1919269 -0.1508291 -0.1948008 -0.1954401 -0.1922473 -0.2198481 -0.2033513 -0.1547273 -0.1852463 -0.1971117 -0.2014392 -0.1954957 -0.2067741 -0.2062185 0.2570615 0.2446758 0.2807104 0.2761145 0.2660731 0.2675041 0.2658246 -0.1828093 -0.1845829 -0.1106277 -0.1953270 0.2634786 0.2508765 0.2653186 0.2721024 1.1474098 0.2164263 0.2714428 -0.1964342 0.2731610 0.2711400 0.2517796 0.2737649 -0.1990846 -0.2099594 -0.1937584 -0.1965997 -0.2177740 0.2744573 0.2439909 0.2513461 -0.1893156 0.2571526 -0.2112737 -0.1988804 -0.2050615 -0.2070578 -0.2083645 -0.1927138 -0.1948963 0.2645366 0.2661833 0.2674371 0.2555538 0.2646731 0.2717024 0.2741212 -0.1422984 -0.1951961 -0.1921352 0.2727974 0.2661695 0.2658183 0.2612703 0.2631365 0.2664257 -0.1732749 -0.1711426 -0.2063707 -0.1943409 -0.2057257 -0.2094501 -0.1982248 -0.2098126 0.2590332 0.2603901 0.2634788 -0.1963732 -0.2045451 0.2830916 0.2554654 0.2641730 0.2513190 -0.1788121 0.2785890 0.2496759 0.2603347 0.2615800 0.1937659 -0.1436467 -0.2036678 -0.1822818 -0.1879811 -0.1998067 -0.1990697 -0.2058967 -0.1866258 -0.1396338 -0.1850898 -0.1954216 -0.1651890 -0.1905269 -0.1909493 -0.2061624 -0.1968885 -0.1391917 -0.1407829 0.2603169 -0.1900788 -0.2012716 -0.2008138
-0.1698786 -0.1601304 -0.0665664 -0.1648729 -0.1737850 -0.1550651 -0.1918828 -0.1847035 -0.0681311 -0.1616721 -0.1795896 -0.1791730 -0.1725010 -0.1797310 -0.1880816 0.2156795 0.2204218 0.2332009 0.2328806 0.2149609 0.2283437 0.2343111 -0.1624344 -0.1597437 -0.0440448 -0.1747004 0.2290349 0.2329411 0.2312403 0.2333280 0.2164263 1.0979339 0.2373302 -0.1765714 0.2283582 0.2380290 0.2239970 0.2386797 -0.1799605 -0.1837830 -0.1744159 -0.1707087 -0.1909659 0.2379084 0.2050545 0.2274154 -0.1623733 0.2263150 -0.1814777 -0.1779020 -0.1797823 -0.1836504 -0.1768157 -0.1710780 -0.1699683 0.2238740 0.2351254 0.2227244 0.2190881 0.2330756 0.2311609 0.2230724 -0.0580484 -0.1774426 -0.1694087 0.2277000 0.2218129 0.2302255 0.2262919 0.2277722 0.2212905 -0.1509716 -0.1502010 -0.1830064 -0.1688630 -0.1752197 -0.1831576 -0.1826500 -0.1876672 0.2237465 0.2150584 0.2291186 -0.1703166 -0.1828046 0.2365874 0.2257515 0.2130490 0.2320876 -0.1501128 0.2292454 0.2112885 0.2252794 0.2210113 0.1600543 -0.1287370 -0.1851758 -0.1650659 -0.1579273 -0.1674041 -0.1724934 -0.1775922 -0.1850157 -0.0428196 -0.1575634 -0.1652724 -0.1410858 -0.1619843 -0.1716519 -0.1772411 -0.1658278 -0.0576940 -0.0588199 0.2264503 -0.1681245 -0.1816619 -0.1752559
