1.0000 0.5227 0.4610 0.4755 0.5299 0.5299 0.5439 0.5247 0.5227 0.5227 0.5227 0.4694 0.5227 0.5292 0.4625 0.5329 0.4635 0.5085 0.5085 0.5227
0.5227 1.0000 0.5062 0.5141 0.5503 0.5503 0.5260 0.4964 1.0000 1.0000 1.0000 0.4829 1.0000 0.5572 0.5721 0.5003 0.5089 0.5128 0.5128 1.0000
0.4610 0.5062 1.0000 0.4782 0.4769 0.4769 0.4744 0.4952 0.5062 0.5062 0.5062 0.5283 0.5062 0.5112 0.5387 0.4632 0.5207 0.4992 0.4992 0.5062
0.4755 0.5141 0.4782 1.0000 0.4955 0.4955 0.4862 0.4714 0.5141 0.5141 0.5141 0.4749 0.5141 0.5126 0.4827 0.4574 0.4750 0.4591 0.4591 0.5141
0.5299 0.5503 0.4769 0.4955 1.0000 1.0000 0.5238 0.4955 0.5503 0.5503 0.5503 0.4689 0.5503 0.5002 0.4955 0.5132 0.4589 0.4660 0.4660 0.5503
0.5299 0.5503 0.4769 0.4955 1.0000 1.0000 0.5238 0.4955 0.5503 0.5503 0.5503 0.4689 0.5503 0.5002 0.4955 0.5132 0.4589 0.4660 0.4660 0.5503
0.5439 0.5260 0.4744 0.4862 0.5238 0.5238 1.0000 0.4960 0.5260 0.5260 0.5260 0.4944 0.5260 0.5492 0.5255 0.5463 0.4608 0.4897 0.4897 0.5260
0.5247 0.4964 0.4952 0.4714 0.4955 0.4955 0.4960 1.0000 0.4964 0.4964 0.4964 0.4842 0.4964 0.5206 0.4970 0.5020 0.4642 0.5075 0.5075 0.4964
0.5227 1.0000 0.5062 0.5141 0.5503 0.5503 0.5260 0.4964 1.0000 1.0000 1.0000 0.4829 1.0000 0.5572 0.5721 0.5003 0.5089 0.5128 0.5128 1.0000
0.5227 1.0000 0.5062 0.5141 0.5503 0.5503 0.5260 0.4964 1.0000 1.0000 1.0000 0.4829 1.0000 0.5572 0.5721 0.5003 0.5089 0.5128 0.5128 1.0000
0.5227 1.0000 0.5062 0.5141 0.5503 0.5503 0.5260 0.4964 1.0000 1.0000 1.0000 0.4829 1.0000 0.5572 0.5721 0.5003 0.5089 0.5128 0.5128 1.0000
0.4694 0.4829 0.5283 0.4749 0.4689 0.4689 0.4944 0.4842 0.4829 0.4829 0.4829 1.0000 0.4829 0.5071 0.5018 0.4688 0.4838 0.4787 0.4787 0.4829
0.5227 1.0000 0.5062 0.5141 0.5503 0.5503 0.5260 0.4964 1.0000 1.0000 1.0000 0.4829 1.0000 0.5572 0.5721 0.5003 0.5089 0.5128 0.5128 1.0000
0.5292 0.5572 0.5112 0.5126 0.5002 0.5002 0.5492 0.5206 0.5572 0.5572 0.5572 0.5071 0.5572 1.0000 0.5706 0.4973 0.4946 0.5045 0.5045 0.5572
0.4625 0.5721 0.5387 0.4827 0.4955 0.4955 0.5255 0.4970 0.5721 0.5721 0.5721 0.5018 0.5721 0.5706 1.0000 0.4944 0.5007 0.5221 0.5221 0.5721
0.5329 0.5003 0.4632 0.4574 0.5132 0.5132 0.5463 0.5020 0.5003 0.5003 0.5003 0.4688 0.5003 0.4973 0.4944 1.0000 0.4511 0.4878 0.4878 0.5003
0.4635 0.5089 0.5207 0.4750 0.4589 0.4589 0.4608 0.4642 0.5089 0.5089 0.5089 0.4838 0.5089 0.4946 0.5007 0.4511 1.0000 0.4647 0.4647 0.5089
0.5085 0.5128 0.4992 0.4591 0.4660 0.4660 0.4897 0.5075 0.5128 0.5128 0.5128 0.4787 0.5128 0.5045 0.5221 0.4878 0.4647 1.0000 1.0000 0.5128
0.5085 0.5128 0.4992 0.4591 0.4660 0.4660 0.4897 0.5075 0.5128 0.5128 0.5128 0.4787 0.5128 0.5045 0.5221 0.4878 0.4647 1.0000 1.0000 0.5128
0.5227 1.0000 0.5062 0.5141 0.5503 0.5503 0.5260 0.4964 1.0000 1.0000 1.0000 0.4829 1.0000 0.5572 0.5721 0.5003 0.5089 0.5128 0.5128 1.0000
