1.0000 0.4297 0.5112 0.5381 0.6321 0.5762 0.6238 0.5891 0.6015 0.5345 0.5345 0.5488 0.5949 0.6010 0.6228 0.5477 0.6431 0.5903 0.6287 0.7200
0.4297 1.0000 0.7362 0.7729 0.5716 0.6031 0.4680 0.6039 0.4643 0.6116 0.6116 0.6073 0.5517 0.4543 0.5024 0.5138 0.6128 0.6677 0.4723 0.5246
0.5112 0.7362 1.0000 0.7602 0.5901 0.6452 0.4440 0.7112 0.4238 0.5731 0.5731 0.6988 0.6493 0.4290 0.5730 0.5802 0.7628 0.6929 0.5154 0.6082
0.5381 0.7729 0.7602 1.0000 0.6144 0.6430 0.5121 0.6811 0.5056 0.5878 0.5878 0.6831 0.6000 0.4963 0.5686 0.5601 0.6967 0.7253 0.5340 0.6288
0.6321 0.5716 0.5901 0.6144 1.0000 0.5546 0.6070 0.6243 0.5859 0.7447 0.7447 0.5825 0.5870 0.5903 0.6005 0.5773 0.6721 0.6492 0.6383 0.7798
0.5762 0.6031 0.6452 0.6430 0.5546 1.0000 0.5080 0.7147 0.5105 0.5224 0.5224 0.7001 0.7560 0.5049 0.6704 0.6083 0.6787 0.7119 0.5575 0.6138
0.6238 0.4680 0.4440 0.5121 0.6070 0.5080 1.0000 0.4927 0.7502 0.6045 0.6045 0.4496 0.4892 0.8620 0.5106 0.4931 0.5308 0.5553 0.6261 0.5936
0.5891 0.6039 0.7112 0.6811 0.6243 0.7147 0.4927 1.0000 0.4769 0.5475 0.5475 0.8215 0.7418 0.4762 0.6760 0.5889 0.7825 0.7755 0.5596 0.6758
0.6015 0.4643 0.4238 0.5056 0.5859 0.5105 0.7502 0.4769 1.0000 0.5758 0.5758 0.4406 0.4820 0.7237 0.4947 0.4902 0.5133 0.5472 0.5814 0.5876
0.5345 0.6116 0.5731 0.5878 0.7447 0.5224 0.6045 0.5475 0.5758 1.0000 1.0000 0.5327 0.5267 0.6002 0.5473 0.5517 0.5947 0.6206 0.6496 0.6511
0.5345 0.6116 0.5731 0.5878 0.7447 0.5224 0.6045 0.5475 0.5758 1.0000 1.0000 0.5327 0.5267 0.6002 0.5473 0.5517 0.5947 0.6206 0.6496 0.6511
0.5488 0.6073 0.6988 0.6831 0.5825 0.7001 0.4496 0.8215 0.4406 0.5327 0.5327 1.0000 0.7000 0.4343 0.6762 0.5613 0.7103 0.7124 0.5329 0.6343
0.5949 0.5517 0.6493 0.6000 0.5870 0.7560 0.4892 0.7418 0.4820 0.5267 0.5267 0.7000 1.0000 0.4724 0.7234 0.5976 0.7301 0.7287 0.5233 0.6309
0.6010 0.4543 0.4290 0.4963 0.5903 0.5049 0.8620 0.4762 0.7237 0.6002 0.6002 0.4343 0.4724 1.0000 0.4928 0.4814 0.5126 0.5387 0.6302 0.5713
0.6228 0.5024 0.5730 0.5686 0.6005 0.6704 0.5106 0.6760 0.4947 0.5473 0.5473 0.6762 0.7234 0.4928 1.0000 0.5144 0.6372 0.6438 0.5536 0.6245
0.5477 0.5138 0.5802 0.5601 0.5773 0.6083 0.4931 0.5889 0.4902 0.5517 0.5517 0.5613 0.5976 0.4814 0.5144 1.0000 0.6481 0.6089 0.5730 0.6336
0.6431 0.6128 0.7628 0.6967 0.6721 0.6787 0.5308 0.7825 0.5133 0.5947 0.5947 0.7103 0.7301 0.5126 0.6372 0.6481 1.0000 0.7623 0.5989 0.7376
0.5903 0.6677 0.6929 0.7253 0.6492 0.7119 0.5553 0.7755 0.5472 0.6206 0.6206 0.7124 0.7287 0.5387 0.6438 0.6089 0.7623 1.0000 0.5913 0.6792
0.6287 0.4723 0.5154 0.5340 0.6383 0.5575 0.6261 0.5596 0.5814 0.6496 0.6496 0.5329 0.5233 0.6302 0.5536 0.5730 0.5989 0.5913 1.0000 0.6822
0.7200 0.5246 0.6082 0.6288 0.7798 0.6138 0.5936 0.6758 0.5876 0.6511 0.6511 0.6343 0.6309 0.5713 0.6245 0.6336 0.7376 0.6792 0.6822 1.0000
