1.0000	0.7786	0.7703	0.7038	0.9553	0.9020	0.9020	0.9555	0.9555	0.7896	0.7896	0.7849	0.7709	0.7804	0.7585	0.7702	0.7713	0.7413	0.7413	0.7465
0.7786	1.0000	0.7614	0.6378	0.7870	0.7701	0.7701	0.7870	0.7869	0.7562	0.7562	0.7741	0.7605	0.9693	0.7586	0.7613	0.7605	0.7176	0.7176	0.7467
0.7703	0.7614	1.0000	0.6328	0.7779	0.7610	0.7610	0.7779	0.7777	0.7428	0.7428	0.7755	0.9720	0.7625	0.7464	0.9962	0.9811	0.7192	0.7192	0.7327
0.7038	0.6378	0.6328	1.0000	0.7055	0.6925	0.6925	0.7055	0.7059	0.6504	0.6504	0.6499	0.6314	0.6389	0.6349	0.6326	0.6330	0.6254	0.6254	0.6258
0.9553	0.7870	0.7779	0.7055	1.0000	0.9096	0.9096	0.9977	0.9951	0.7942	0.7942	0.7933	0.7778	0.7884	0.7664	0.7777	0.7782	0.7500	0.7500	0.7547
0.9020	0.7701	0.7610	0.6925	0.9096	1.0000	1.0000	0.9095	0.9095	0.7811	0.7811	0.7749	0.7610	0.7715	0.7510	0.7607	0.7614	0.7316	0.7316	0.7435
0.9020	0.7701	0.7610	0.6925	0.9096	1.0000	1.0000	0.9095	0.9095	0.7811	0.7811	0.7749	0.7610	0.7715	0.7510	0.7607	0.7614	0.7316	0.7316	0.7435
0.9555	0.7870	0.7779	0.7055	0.9977	0.9095	0.9095	1.0000	0.9962	0.7938	0.7938	0.7933	0.7777	0.7884	0.7663	0.7776	0.7781	0.7498	0.7498	0.7544
0.9555	0.7869	0.7777	0.7059	0.9951	0.9095	0.9095	0.9962	1.0000	0.7939	0.7939	0.7933	0.7775	0.7883	0.7663	0.7774	0.7780	0.7500	0.7500	0.7544
0.7896	0.7562	0.7428	0.6504	0.7942	0.7811	0.7811	0.7938	0.7939	1.0000	1.0000	0.7503	0.7447	0.7593	0.8113	0.7430	0.7448	0.7035	0.7035	0.8669
0.7896	0.7562	0.7428	0.6504	0.7942	0.7811	0.7811	0.7938	0.7939	1.0000	1.0000	0.7503	0.7447	0.7593	0.8113	0.7430	0.7448	0.7035	0.7035	0.8669
0.7849	0.7741	0.7755	0.6499	0.7933	0.7749	0.7749	0.7933	0.7933	0.7503	0.7503	1.0000	0.7697	0.7765	0.7536	0.7755	0.7747	0.8022	0.8022	0.7395
0.7709	0.7605	0.9720	0.6314	0.7778	0.7610	0.7610	0.7777	0.7775	0.7447	0.7447	0.7697	1.0000	0.7627	0.7464	0.9729	0.9787	0.7151	0.7151	0.7322
0.7804	0.9693	0.7625	0.6389	0.7884	0.7715	0.7715	0.7884	0.7883	0.7593	0.7593	0.7765	0.7627	1.0000	0.7596	0.7626	0.7628	0.7188	0.7188	0.7475
0.7585	0.7586	0.7464	0.6349	0.7664	0.7510	0.7510	0.7663	0.7663	0.8113	0.8113	0.7536	0.7464	0.7596	1.0000	0.7465	0.7464	0.7053	0.7053	0.8305
0.7702	0.7613	0.9962	0.6326	0.7777	0.7607	0.7607	0.7776	0.7774	0.7430	0.7430	0.7755	0.9729	0.7626	0.7465	1.0000	0.9823	0.7192	0.7192	0.7326
0.7713	0.7605	0.9811	0.6330	0.7782	0.7614	0.7614	0.7781	0.7780	0.7448	0.7448	0.7747	0.9787	0.7628	0.7464	0.9823	1.0000	0.7188	0.7188	0.7320
0.7413	0.7176	0.7192	0.6254	0.7500	0.7316	0.7316	0.7498	0.7500	0.7035	0.7035	0.8022	0.7151	0.7188	0.7053	0.7192	0.7188	1.0000	1.0000	0.6944
0.7413	0.7176	0.7192	0.6254	0.7500	0.7316	0.7316	0.7498	0.7500	0.7035	0.7035	0.8022	0.7151	0.7188	0.7053	0.7192	0.7188	1.0000	1.0000	0.6944
0.7465	0.7467	0.7327	0.6258	0.7547	0.7435	0.7435	0.7544	0.7544	0.8669	0.8669	0.7395	0.7322	0.7475	0.8305	0.7326	0.7320	0.6944	0.6944	1.0000
