0.000000	0.275349	0.284284	0.277733	0.277407	0.138912	0.279874	0.271702	0.275565	0.270076	0.325333	0.280569	0.284221	0.287257	0.269058	0.291290	0.332649	0.285157	0.280228	0.273606	0.297683	0.279970	0.277151	0.289807	0.282779	0.288958	0.287688	0.258197	0.290657	0.282834	0.297297	0.270401	0.282653	0.298254	0.274594	0.271322	0.286472	0.273851	0.281032	0.272269	0.286540	0.278360	0.286166	0.277654	0.280608	0.276947	0.262984	0.283268	0.280224	0.283120	0.286193	0.279232	0.284230	0.288318	0.275965	0.281536	0.275536	0.287573	0.283754	0.268732	0.276675	0.291237	0.285209	0.279784	0.284155	0.281233	0.275088	0.285714	0.281564	0.278979	0.287199	0.285403	0.275946	0.287367	0.281087	0.280493	0.280535	0.271765	0.284516	0.290717	0.289249	0.286324	0.270285	0.283716	0.276610	0.270241	0.273726	0.278657	0.273361	0.270316	0.272234	0.285657	0.272961	0.253538	0.269992	0.271874	0.277851	0.276703	0.286125	0.286351	0.286495	0.283235	0.279046	0.283397	0.270773	0.273387	0.283384	0.271619	0.285157	0.273054	0.270128	0.274635	0.278964	0.284108	0.284436	0.286064	0.273940	0.276265	0.292025	0.268998	0.278471	0.292501	0.291180	0.279165	0.261297	0.283414	0.276529	0.282123	0.285475	0.287121	0.294413	0.278984	0.268097	0.290419	0.284830	0.275855	0.281347	0.281737	0.281376	0.267864	0.277621	0.274942	0.278591	0.276061	0.284768	0.282108	0.278236	0.276518	0.270234	0.279195	0.276708	0.283022	0.276888	0.275673	0.289849	0.280268	0.280404	0.297418	0.283172	0.275955	0.278606	0.268388	0.279283	0.287318	0.292615	0.272439	0.284412	0.287123	0.271798	0.276847	0.294197	0.282190	0.283408	0.283712	0.278098	0.287702	0.274321	0.282080	0.281491	0.281331	0.299579	
0.275349	0.000000	0.141274	0.147458	0.279640	0.273964	0.272628	0.289790	0.275784	0.277303	0.286472	0.286406	0.263456	0.277895	0.264317	0.291150	0.324000	0.298996	0.246827	0.274340	0.303689	0.298711	0.303496	0.288386	0.298674	0.293436	0.293713	0.217742	0.294919	0.287615	0.321244	0.280699	0.282922	0.282358	0.278205	0.280045	0.260367	0.295989	0.278264	0.281290	0.290393	0.275450	0.274968	0.280277	0.274627	0.276492	0.254752	0.275676	0.273243	0.272813	0.273790	0.286532	0.281005	0.282117	0.270948	0.273083	0.288556	0.279375	0.272562	0.272761	0.272181	0.283687	0.273408	0.275717	0.288690	0.274052	0.276402	0.271183	0.280234	0.289709	0.288342	0.284120	0.272226	0.273792	0.282243	0.278167	0.275265	0.275046	0.276934	0.302588	0.295600	0.292498	0.268612	0.288275	0.274358	0.272826	0.274349	0.284524	0.286902	0.277066	0.276128	0.279953	0.282621	0.272515	0.272015	0.272353	0.287648	0.276976	0.274266	0.282720	0.268794	0.287399	0.274184	0.278008	0.271665	0.280352	0.289572	0.277333	0.285906	0.274021	0.275416	0.276993	0.277442	0.283317	0.282340	0.283776	0.269776	0.272276	0.285189	0.279406	0.270697	0.288440	0.280792	0.274790	0.282300	0.273680	0.274370	0.279605	0.300439	0.290352	0.291925	0.269941	0.276004	0.265417	0.288914	0.272746	0.280992	0.275242	0.291204	0.275937	0.284768	0.282600	0.282233	0.274735	0.276892	0.285949	0.292259	0.287475	0.272269	0.267860	0.282759	0.294677	0.276576	0.281211	0.305776	0.276409	0.271110	0.287379	0.270798	0.269814	0.295484	0.270856	0.292366	0.278709	0.296140	0.280015	0.289075	0.282037	0.274767	0.273934	0.286907	0.286736	0.293207	0.274874	0.277980	0.294503	0.277644	0.285402	0.281204	0.275397	0.291380	
0.284284	0.141274	0.000000	0.143546	0.282617	0.277523	0.271648	0.292929	0.277471	0.292997	0.287234	0.292904	0.272555	0.272152	0.290749	0.295539	0.308000	0.301663	0.241573	0.282590	0.304775	0.307620	0.301744	0.285284	0.303143	0.299139	0.288769	0.206478	0.288181	0.290739	0.298633	0.277973	0.284707	0.281049	0.271136	0.288761	0.273841	0.296235	0.282617	0.275708	0.301897	0.276107	0.277283	0.286984	0.279010	0.277757	0.267983	0.274276	0.277138	0.272069	0.278871	0.288747	0.284207	0.279777	0.274233	0.278552	0.286237	0.279380	0.267345	0.274499	0.270235	0.285630	0.269117	0.283166	0.286232	0.281586	0.275083	0.271259	0.278366	0.290652	0.291057	0.281788	0.278566	0.271915	0.283513	0.278653	0.271328	0.273283	0.274688	0.304626	0.300093	0.293820	0.276006	0.294774	0.278908	0.270730	0.275803	0.281530	0.271579	0.280189	0.280216	0.273055	0.278238	0.265718	0.275379	0.275010	0.281757	0.279614	0.277873	0.285582	0.268600	0.283565	0.272468	0.277801	0.275024	0.275338	0.291635	0.273589	0.288780	0.287200	0.274619	0.282072	0.281257	0.274108	0.280902	0.278306	0.272231	0.270789	0.283953	0.283855	0.281882	0.298017	0.277171	0.273251	0.279711	0.280257	0.279169	0.285343	0.295683	0.286907	0.300650	0.277552	0.269162	0.274523	0.296839	0.269077	0.275292	0.277898	0.294449	0.279806	0.285234	0.284632	0.280828	0.268324	0.274086	0.285344	0.291106	0.278261	0.275831	0.279851	0.287039	0.285555	0.278039	0.285353	0.308312	0.280653	0.276531	0.285001	0.268823	0.275304	0.289459	0.277644	0.290113	0.282030	0.304631	0.281674	0.296386	0.273756	0.283806	0.271344	0.289097	0.287393	0.289761	0.282958	0.274041	0.291212	0.279398	0.279837	0.290220	0.275491	0.292260	
0.277733	0.147458	0.143546	0.000000	0.288811	0.280687	0.278921	0.294662	0.278581	0.295705	0.335329	0.295553	0.274887	0.286396	0.246305	0.294297	0.339066	0.303130	0.260940	0.291498	0.313054	0.312973	0.300644	0.290875	0.308361	0.297326	0.299884	0.234146	0.299327	0.297328	0.311436	0.270299	0.292886	0.291940	0.282134	0.284938	0.274048	0.298605	0.291667	0.289140	0.296992	0.282258	0.290115	0.298583	0.285143	0.288318	0.270088	0.287369	0.275288	0.286698	0.294449	0.294771	0.295108	0.291265	0.276167	0.286200	0.291402	0.286548	0.277585	0.288378	0.286938	0.290899	0.275141	0.288668	0.296608	0.280824	0.278697	0.277228	0.286251	0.299384	0.294118	0.291387	0.285176	0.287789	0.298604	0.283670	0.288925	0.292324	0.284143	0.298944	0.300187	0.290408	0.275953	0.303356	0.277567	0.298785	0.285909	0.285767	0.275191	0.286375	0.290546	0.285918	0.287321	0.277383	0.278936	0.281089	0.278202	0.291231	0.283869	0.287777	0.267751	0.294731	0.286422	0.285927	0.282080	0.288136	0.294278	0.280242	0.289028	0.284200	0.293262	0.294997	0.283663	0.291886	0.289697	0.292130	0.276365	0.278319	0.295069	0.295659	0.287723	0.291852	0.292383	0.284024	0.279339	0.287931	0.283498	0.294528	0.297064	0.283266	0.289008	0.289069	0.280446	0.275357	0.290556	0.280097	0.276716	0.282930	0.287576	0.276700	0.289452	0.283061	0.287393	0.281325	0.280000	0.295582	0.300576	0.290623	0.281091	0.278046	0.295503	0.294149	0.294989	0.293215	0.309376	0.285714	0.284737	0.292357	0.285443	0.287299	0.294576	0.285638	0.294015	0.274751	0.302363	0.292316	0.296227	0.283878	0.287433	0.276832	0.308982	0.287638	0.299947	0.288646	0.277793	0.309314	0.281485	0.286212	0.297700	0.284492	0.295164	
0.277407	0.279640	0.282617	0.288811	0.000000	0.268195	0.268763	0.288517	0.271800	0.282505	0.279570	0.287238	0.269933	0.262260	0.290179	0.296066	0.329243	0.296296	0.265714	0.278876	0.296696	0.290950	0.288759	0.293667	0.279992	0.298732	0.270896	0.253061	0.287708	0.291241	0.310740	0.271828	0.285473	0.284685	0.279437	0.282407	0.275624	0.285507	0.278906	0.276556	0.302553	0.276888	0.280629	0.275411	0.266692	0.267440	0.258294	0.282858	0.277215	0.274038	0.272114	0.281001	0.272744	0.282238	0.277642	0.276173	0.278587	0.277355	0.268520	0.266541	0.283685	0.281687	0.284323	0.275131	0.279212	0.273781	0.281979	0.269764	0.272438	0.280008	0.277144	0.273325	0.266591	0.281097	0.278298	0.277355	0.276759	0.262932	0.272335	0.288859	0.290292	0.287792	0.267244	0.284748	0.264904	0.274229	0.276000	0.276543	0.267458	0.271845	0.282253	0.282806	0.268900	0.269953	0.258298	0.263822	0.281939	0.277154	0.287394	0.272659	0.263536	0.274630	0.263818	0.274460	0.269587	0.278657	0.286450	0.271754	0.276917	0.267914	0.269853	0.277375	0.278958	0.280778	0.269409	0.276615	0.273970	0.271998	0.276544	0.273973	0.270090	0.269385	0.282924	0.270833	0.269508	0.280470	0.279640	0.287723	0.280616	0.286838	0.296816	0.272798	0.274887	0.268072	0.276037	0.279830	0.275424	0.267663	0.281326	0.263158	0.277202	0.274779	0.282276	0.276675	0.270825	0.278744	0.283803	0.286528	0.268523	0.267141	0.278395	0.290432	0.275431	0.281654	0.291524	0.276249	0.273949	0.281601	0.268850	0.269776	0.281561	0.260602	0.289085	0.264929	0.290728	0.270235	0.287587	0.276695	0.276572	0.267279	0.289178	0.285392	0.290359	0.267772	0.270381	0.284834	0.281973	0.278609	0.278114	0.273016	0.294532	
0.138912	0.273964	0.277523	0.280687	0.268195	0.000000	0.277160	0.269975	0.265121	0.268026	0.301676	0.272060	0.261261	0.274510	0.236364	0.284373	0.312102	0.284806	0.260615	0.269213	0.289287	0.276299	0.274302	0.271596	0.280269	0.272957	0.276841	0.271186	0.283800	0.278645	0.288191	0.266954	0.275356	0.286994	0.268722	0.270000	0.278291	0.264989	0.275810	0.271975	0.282501	0.275419	0.279761	0.273139	0.276478	0.274910	0.271544	0.272688	0.270906	0.272361	0.272559	0.270677	0.279424	0.275144	0.275769	0.268909	0.263664	0.283906	0.270859	0.267415	0.268353	0.289514	0.278912	0.271676	0.273422	0.270876	0.278668	0.275556	0.274077	0.276275	0.277926	0.277376	0.264425	0.273480	0.280058	0.281085	0.274732	0.265885	0.275599	0.284969	0.282416	0.284492	0.268544	0.279330	0.267509	0.279835	0.270951	0.273964	0.267950	0.268635	0.268588	0.275961	0.256921	0.246173	0.259336	0.270755	0.272005	0.269524	0.278379	0.276508	0.268824	0.275899	0.269144	0.276182	0.265579	0.261319	0.284667	0.263743	0.284001	0.277452	0.264083	0.272145	0.270163	0.272227	0.273945	0.280364	0.265197	0.275462	0.277098	0.273032	0.270583	0.288724	0.285125	0.274530	0.257384	0.280678	0.272409	0.269032	0.283027	0.279893	0.285685	0.275372	0.257068	0.287310	0.279110	0.270561	0.274969	0.267358	0.274360	0.265082	0.270613	0.268866	0.273680	0.273645	0.274231	0.274748	0.276163	0.276762	0.266634	0.269088	0.269112	0.275377	0.269343	0.271967	0.276182	0.272877	0.273684	0.285655	0.275566	0.270276	0.273084	0.261317	0.276643	0.272134	0.285153	0.272276	0.282358	0.275201	0.266639	0.269182	0.299706	0.281483	0.278395	0.280319	0.267916	0.285450	0.276401	0.273158	0.277720	0.268811	0.300674	
0.279874	0.272628	0.271648	0.278921	0.268763	0.277160	0.000000	0.277413	0.266417	0.291469	0.262735	0.282580	0.245994	0.282700	0.292035	0.282425	0.329980	0.289586	0.253521	0.264045	0.300197	0.283217	0.277585	0.286837	0.285330	0.293935	0.278170	0.260163	0.282313	0.282587	0.291452	0.278626	0.284593	0.274266	0.273110	0.283371	0.280481	0.283776	0.274006	0.272661	0.279635	0.267939	0.269076	0.280073	0.278242	0.281873	0.260296	0.269973	0.267044	0.275591	0.270522	0.273785	0.277161	0.269925	0.268239	0.276920	0.268117	0.282725	0.271488	0.269280	0.267334	0.282575	0.275497	0.273325	0.265266	0.273571	0.265915	0.267007	0.276095	0.280102	0.278071	0.284337	0.273512	0.273276	0.285740	0.263203	0.266727	0.268146	0.269870	0.290704	0.288556	0.290586	0.271635	0.281301	0.263170	0.257174	0.273453	0.285829	0.250864	0.281685	0.271458	0.269087	0.264516	0.281360	0.270351	0.267385	0.276986	0.277818	0.278498	0.276685	0.268898	0.267453	0.261957	0.269772	0.270179	0.271239	0.279948	0.262607	0.283716	0.286843	0.252216	0.280980	0.260540	0.272796	0.278833	0.282244	0.266524	0.267010	0.283407	0.270385	0.273390	0.261186	0.272239	0.270833	0.265068	0.278886	0.270571	0.273125	0.284904	0.282720	0.289234	0.275252	0.257084	0.264108	0.272038	0.261437	0.262530	0.267423	0.273680	0.268713	0.266997	0.280641	0.276890	0.273755	0.268949	0.274167	0.281429	0.276685	0.263527	0.270985	0.273018	0.271115	0.278907	0.281924	0.289000	0.274102	0.272251	0.280721	0.274215	0.261454	0.281695	0.267929	0.284288	0.282493	0.295978	0.264727	0.281677	0.276856	0.273738	0.265321	0.285337	0.278592	0.284052	0.279903	0.266570	0.291068	0.274662	0.267298	0.270649	0.272098	0.269294	
0.271702	0.289790	0.292929	0.294662	0.288517	0.269975	0.277413	0.000000	0.279298	0.290726	0.303763	0.288009	0.258835	0.273118	0.265487	0.291833	0.314928	0.295479	0.272857	0.274657	0.288839	0.290988	0.298496	0.291484	0.278601	0.282213	0.290075	0.200820	0.268713	0.279589	0.304393	0.272319	0.282437	0.292200	0.276752	0.291618	0.281901	0.288454	0.283784	0.278605	0.292270	0.274806	0.279647	0.283093	0.283498	0.280101	0.259162	0.277690	0.281897	0.280834	0.278362	0.285198	0.280712	0.278018	0.273720	0.277755	0.280903	0.287983	0.268101	0.279977	0.280869	0.294294	0.285929	0.274676	0.274714	0.282824	0.276966	0.275305	0.283487	0.289206	0.291550	0.282159	0.278503	0.273875	0.282658	0.275983	0.276600	0.274260	0.276712	0.291389	0.301408	0.286477	0.266349	0.283967	0.282583	0.272378	0.268959	0.284812	0.250350	0.282742	0.266422	0.274949	0.276091	0.276596	0.283565	0.277162	0.280732	0.281666	0.281655	0.290909	0.280199	0.280185	0.268875	0.284228	0.283030	0.276518	0.281698	0.279415	0.292822	0.280527	0.286091	0.286204	0.283062	0.279434	0.284896	0.281559	0.278823	0.274260	0.285957	0.275052	0.263719	0.285467	0.269781	0.284236	0.265697	0.277766	0.273445	0.279752	0.284020	0.287054	0.287862	0.280595	0.277761	0.280409	0.288308	0.280724	0.270899	0.273147	0.291895	0.272820	0.275445	0.280967	0.279835	0.272300	0.294314	0.276049	0.284959	0.279877	0.271948	0.275836	0.276607	0.275395	0.279065	0.278787	0.289637	0.285044	0.288158	0.281350	0.277459	0.270618	0.290468	0.271415	0.291204	0.281316	0.292889	0.275089	0.286599	0.280376	0.279092	0.281100	0.288609	0.277820	0.289218	0.279083	0.274227	0.293149	0.281690	0.284295	0.289863	0.272881	0.286561	
0.275565	0.275784	0.277471	0.278581	0.271800	0.265121	0.266417	0.279298	0.000000	0.288665	0.332440	0.287246	0.250478	0.264831	0.306667	0.290330	0.296146	0.285621	0.275568	0.281541	0.293201	0.285416	0.292135	0.288747	0.279130	0.264076	0.278227	0.217213	0.284566	0.283648	0.277134	0.262301	0.288563	0.277016	0.276103	0.294902	0.255091	0.275229	0.275308	0.271819	0.277088	0.267989	0.269600	0.269764	0.261032	0.267066	0.257000	0.268636	0.278383	0.271147	0.272113	0.269926	0.267666	0.276756	0.271135	0.273329	0.270602	0.268049	0.264370	0.263936	0.264331	0.275966	0.275409	0.264286	0.265498	0.270341	0.264144	0.275460	0.262733	0.274300	0.281109	0.276113	0.268117	0.278123	0.279699	0.263837	0.268581	0.270377	0.270041	0.279392	0.285178	0.282542	0.266967	0.281974	0.256206	0.267838	0.260670	0.277336	0.262225	0.274795	0.258143	0.274585	0.251014	0.277712	0.255466	0.262903	0.282907	0.272437	0.277143	0.280488	0.255011	0.270520	0.270654	0.275298	0.270333	0.260334	0.283062	0.263672	0.271130	0.276501	0.259093	0.266573	0.267821	0.263415	0.257518	0.283071	0.275641	0.266876	0.275940	0.272554	0.276754	0.259302	0.268720	0.269940	0.263648	0.268253	0.272027	0.277976	0.282510	0.277778	0.283647	0.262787	0.272399	0.267146	0.279329	0.266482	0.266682	0.272152	0.281702	0.264382	0.266376	0.265631	0.276010	0.270712	0.275484	0.271568	0.279122	0.281333	0.270594	0.268884	0.266514	0.280768	0.272122	0.264718	0.283197	0.268942	0.267500	0.280998	0.264216	0.263322	0.279639	0.266779	0.285099	0.278765	0.283537	0.269542	0.280593	0.276056	0.268343	0.267668	0.281222	0.277516	0.274874	0.272379	0.266742	0.283895	0.275186	0.272932	0.268997	0.270220	0.281471	
0.270076	0.277303	0.292997	0.295705	0.282505	0.268026	0.291469	0.290726	0.288665	0.000000	0.161049	0.129155	0.243860	0.286667	0.268293	0.296238	0.297297	0.290104	0.283871	0.296190	0.282051	0.296897	0.291980	0.271497	0.283028	0.288603	0.285863	0.250000	0.297657	0.284927	0.276740	0.273374	0.277275	0.295637	0.273986	0.276942	0.290244	0.282780	0.284944	0.277011	0.284626	0.281205	0.278095	0.289986	0.283822	0.294866	0.261150	0.281809	0.283468	0.285854	0.284765	0.275265	0.296349	0.287274	0.269706	0.283804	0.300971	0.285228	0.270616	0.283862	0.283207	0.285063	0.298529	0.280534	0.287538	0.283476	0.280968	0.294702	0.294230	0.283262	0.287958	0.275362	0.266827	0.275945	0.293670	0.296697	0.283951	0.271734	0.279202	0.285989	0.291151	0.294666	0.288774	0.280418	0.280177	0.262582	0.271449	0.285535	0.259307	0.287842	0.271313	0.279221	0.269131	0.295011	0.271777	0.279516	0.277027	0.290952	0.284875	0.284626	0.303677	0.287317	0.274500	0.273994	0.280137	0.287370	0.285783	0.263896	0.269947	0.261433	0.286486	0.266936	0.290999	0.274242	0.283768	0.277946	0.280415	0.265748	0.292044	0.273833	0.265399	0.272727	0.296657	0.285102	0.261745	0.287098	0.276828	0.281369	0.278016	0.283001	0.287684	0.294118	0.271739	0.285714	0.275111	0.282574	0.297731	0.261101	0.268786	0.291432	0.275846	0.281949	0.273849	0.279830	0.261905	0.277751	0.280203	0.289990	0.289444	0.273073	0.281391	0.278360	0.277539	0.296731	0.289163	0.274845	0.260891	0.285579	0.286398	0.292217	0.262631	0.280835	0.310818	0.271569	0.284421	0.291369	0.298861	0.287893	0.277910	0.277567	0.293587	0.279215	0.294787	0.289883	0.285850	0.288152	0.278517	0.280019	0.297181	0.268664	0.298429	
0.325333	0.286472	0.287234	0.335329	0.279570	0.301676	0.262735	0.303763	0.332440	0.161049	0.000000	0.153034	0.267974	0.357798	0.320755	0.327684	0.390909	0.303371	0.309353	0.339713	0.307692	0.293478	0.307443	0.320158	0.277174	0.276423	0.326531	0.250000	0.287625	0.280992	0.364486	0.308511	0.304813	0.306748	0.262599	0.201183	0.304124	0.301170	0.300000	0.298667	0.304813	0.320856	0.287234	0.330688	0.319261	0.342391	0.283988	0.295393	0.272727	0.300000	0.292876	0.281081	0.314815	0.323684	0.292553	0.286111	0.284932	0.284946	0.252011	0.291105	0.301587	0.252778	0.293651	0.329759	0.295652	0.273936	0.287599	0.296296	0.307487	0.297872	0.286089	0.304217	0.301887	0.287234	0.324397	0.285285	0.276596	0.277778	0.320106	0.301887	0.324397	0.332386	0.302083	0.285333	0.290030	0.297436	0.314363	0.311475	0.267123	0.303523	0.263333	0.284507	0.288256	0.357143	0.310638	0.304709	0.328804	0.305040	0.297814	0.279570	0.375758	0.300268	0.268786	0.259587	0.297297	0.270186	0.327027	0.279570	0.309973	0.300000	0.300725	0.300546	0.334328	0.302251	0.295533	0.224719	0.304985	0.277929	0.314815	0.310440	0.269231	0.335025	0.296417	0.297082	0.335366	0.277311	0.337802	0.305851	0.286472	0.321809	0.281501	0.346260	0.296748	0.266871	0.287671	0.279070	0.308605	0.292683	0.269663	0.307692	0.303430	0.298883	0.318182	0.306878	0.306977	0.277333	0.325779	0.252149	0.279141	0.284946	0.305556	0.289125	0.323450	0.315029	0.281337	0.308311	0.275401	0.273684	0.334225	0.287634	0.309333	0.293651	0.290598	0.256039	0.324397	0.306452	0.250660	0.301333	0.292876	0.272727	0.345972	0.326203	0.292876	0.295082	0.306878	0.311346	0.323607	0.302632	0.312834	0.300532	0.302548	
0.280569	0.286406	0.292904	0.295553	0.287238	0.272060	0.282580	0.288009	0.287246	0.129155	0.153034	0.000000	0.243115	0.275053	0.285714	0.297548	0.306452	0.287079	0.259207	0.282647	0.295404	0.285661	0.286972	0.274608	0.273439	0.293375	0.279792	0.227642	0.294712	0.287510	0.295099	0.281291	0.278658	0.291273	0.278431	0.268879	0.296217	0.285567	0.291731	0.274103	0.290323	0.279348	0.276826	0.288844	0.282564	0.289110	0.266557	0.282395	0.281688	0.284319	0.274656	0.280219	0.282875	0.279866	0.277985	0.287936	0.294265	0.281578	0.277046	0.282654	0.278098	0.275069	0.286432	0.272270	0.279150	0.279740	0.282213	0.285741	0.282920	0.287232	0.288315	0.277669	0.281965	0.274136	0.290875	0.277129	0.278305	0.275260	0.271999	0.289161	0.291674	0.292574	0.284645	0.285954	0.282105	0.274370	0.283333	0.289855	0.277778	0.275275	0.280388	0.286746	0.271947	0.259128	0.275770	0.286171	0.284256	0.286858	0.274732	0.291000	0.292240	0.287132	0.272634	0.278962	0.278525	0.285126	0.289998	0.276884	0.283818	0.275502	0.273411	0.278767	0.280894	0.278061	0.293683	0.283568	0.279895	0.276157	0.285072	0.277336	0.270533	0.288636	0.294235	0.282147	0.281967	0.286951	0.284624	0.284438	0.284967	0.284226	0.295027	0.284800	0.286649	0.287256	0.272481	0.279477	0.280388	0.276657	0.283293	0.277800	0.285393	0.274854	0.282826	0.277550	0.267931	0.287679	0.287007	0.284033	0.272829	0.273151	0.274637	0.280470	0.289702	0.289457	0.278357	0.276330	0.281846	0.277592	0.277883	0.285245	0.284436	0.275362	0.292151	0.286841	0.293547	0.281367	0.290845	0.287388	0.273624	0.275086	0.290193	0.278952	0.284150	0.285877	0.283061	0.290089	0.273173	0.284758	0.293078	0.280774	0.294663	
0.284221	0.263456	0.272555	0.274887	0.269933	0.261261	0.245994	0.258835	0.250478	0.243860	0.267974	0.243115	0.000000	0.278261	0.240385	0.284842	0.285714	0.286164	0.261682	0.267564	0.266598	0.256654	0.282916	0.255512	0.276493	0.245383	0.260219	0.240385	0.283565	0.277344	0.262976	0.245763	0.243626	0.236674	0.265209	0.274510	0.232305	0.231003	0.257940	0.266221	0.275000	0.235238	0.240793	0.267486	0.263405	0.272815	0.255295	0.248790	0.256898	0.255566	0.275472	0.229743	0.278719	0.262808	0.259189	0.260954	0.255502	0.263514	0.241249	0.274809	0.278146	0.251741	0.282629	0.256386	0.269920	0.262959	0.252592	0.250710	0.256846	0.266667	0.270321	0.276531	0.253081	0.238593	0.261815	0.246673	0.254237	0.244802	0.251423	0.267308	0.263308	0.263692	0.251483	0.265968	0.244186	0.241176	0.255299	0.277251	0.214286	0.243062	0.249380	0.276134	0.232472	0.240283	0.260542	0.262488	0.256459	0.272901	0.274566	0.259506	0.248945	0.279847	0.244755	0.252396	0.249759	0.281642	0.257198	0.233663	0.266732	0.311412	0.252959	0.265408	0.256713	0.261402	0.236702	0.272956	0.251479	0.240191	0.270219	0.254652	0.262821	0.257692	0.269625	0.258979	0.229862	0.233503	0.262607	0.261568	0.262857	0.263009	0.283001	0.275194	0.252276	0.262443	0.252736	0.251791	0.237124	0.252041	0.267206	0.243640	0.230550	0.254902	0.264844	0.250947	0.238095	0.275732	0.282227	0.274354	0.241164	0.252863	0.239560	0.271010	0.255299	0.259557	0.251320	0.254735	0.246854	0.236295	0.252672	0.248069	0.250943	0.241737	0.285714	0.252713	0.263308	0.265714	0.259679	0.257820	0.237240	0.241811	0.229730	0.281581	0.251887	0.260577	0.267739	0.273934	0.270270	0.246937	0.279048	0.264259	0.257988	
0.287257	0.277895	0.272152	0.286396	0.262260	0.274510	0.282700	0.273118	0.264831	0.286667	0.357798	0.275053	0.278261	0.000000	0.250000	0.275626	0.271318	0.269663	0.229947	0.250000	0.261728	0.267666	0.293671	0.268786	0.274090	0.301205	0.295806	0.240506	0.250000	0.246753	0.216667	0.262605	0.299363	0.293689	0.279070	0.267782	0.293651	0.255708	0.277657	0.270613	0.260593	0.261146	0.242616	0.263713	0.264706	0.265659	0.235431	0.287582	0.301927	0.288210	0.300847	0.302772	0.270042	0.278132	0.292632	0.294243	0.305556	0.284165	0.262712	0.260215	0.294118	0.270880	0.240506	0.259494	0.282851	0.295745	0.255814	0.269639	0.284501	0.254737	0.269474	0.253456	0.268085	0.282051	0.282051	0.302540	0.234177	0.269639	0.264831	0.321888	0.310782	0.287671	0.280347	0.272921	0.257353	0.247967	0.251627	0.279703	0.254545	0.293103	0.280206	0.250554	0.267568	0.217742	0.321429	0.257778	0.235043	0.289979	0.262473	0.276008	0.327354	0.268980	0.277778	0.245940	0.267391	0.258974	0.254777	0.238806	0.280702	0.291829	0.277457	0.268456	0.295195	0.255422	0.281337	0.270950	0.295455	0.268398	0.271762	0.253275	0.264493	0.287037	0.276923	0.285714	0.251121	0.284404	0.243129	0.253191	0.282378	0.254202	0.274841	0.271111	0.317460	0.280788	0.284444	0.281324	0.258294	0.293976	0.287640	0.244009	0.264706	0.263499	0.271186	0.279070	0.284644	0.282979	0.273523	0.269321	0.275943	0.272727	0.287918	0.291489	0.284797	0.280374	0.228637	0.278481	0.276231	0.290526	0.285408	0.259101	0.250531	0.269474	0.237885	0.305660	0.284501	0.279915	0.259023	0.275424	0.283582	0.259657	0.241758	0.294492	0.265823	0.262473	0.285714	0.286316	0.272921	0.253165	0.275641	0.295117	0.251816	
0.269058	0.264317	0.290749	0.246305	0.290179	0.236364	0.292035	0.265487	0.306667	0.268293	0.320755	0.285714	0.240385	0.250000	0.000000	0.194444	0.197183	0.244240	0.230000	0.347826	0.290000	0.301802	0.313830	0.313253	0.271889	0.277778	0.324201	0.292683	0.271277	0.274775	0.367647	0.296460	0.292035	0.256158	0.252212	0.281818	0.260163	0.323671	0.301802	0.299107	0.252212	0.296460	0.278027	0.281938	0.311404	0.320000	0.232323	0.260274	0.312775	0.297778	0.342222	0.248889	0.254464	0.309735	0.300885	0.263636	0.297297	0.263393	0.278761	0.269912	0.264317	0.242991	0.311111	0.246696	0.286385	0.253333	0.241071	0.247748	0.251101	0.288889	0.231111	0.304348	0.274775	0.288288	0.283186	0.279412	0.274336	0.240000	0.256637	0.278027	0.296460	0.272300	0.288660	0.262222	0.258537	0.255814	0.277273	0.308108	0.177215	0.295964	0.283422	0.289593	0.250000	0.283582	0.326797	0.273148	0.255605	0.287611	0.305936	0.309735	0.333333	0.292793	0.300926	0.268868	0.301802	0.292308	0.287611	0.253394	0.262443	0.269841	0.278912	0.283105	0.280788	0.248705	0.299465	0.269006	0.283721	0.262443	0.259912	0.296460	0.311594	0.327103	0.307263	0.295154	0.314815	0.263158	0.269912	0.296460	0.269058	0.256637	0.218750	0.251142	0.301887	0.262626	0.296804	0.314010	0.268041	0.351485	0.297674	0.239631	0.283186	0.288288	0.331839	0.299107	0.359155	0.280000	0.270642	0.279621	0.284314	0.311111	0.276243	0.285714	0.262222	0.282407	0.282297	0.220264	0.281818	0.281938	0.280543	0.271111	0.306667	0.303965	0.277778	0.276190	0.312217	0.294643	0.250000	0.269912	0.242291	0.272321	0.378788	0.297297	0.306667	0.259091	0.295964	0.264317	0.292035	0.333333	0.288889	0.299559	0.295337	
0.291290	0.291150	0.295539	0.294297	0.296066	0.284373	0.282425	0.291833	0.290330	0.296238	0.327684	0.297548	0.284842	0.275626	0.194444	0.000000	0.151639	0.132769	0.268519	0.286700	0.270914	0.275975	0.285464	0.283070	0.270743	0.286219	0.292962	0.273913	0.290176	0.285219	0.302784	0.292831	0.289039	0.300640	0.295464	0.282493	0.300419	0.276433	0.286136	0.293412	0.280549	0.300175	0.285714	0.304253	0.286117	0.290424	0.282443	0.301251	0.299129	0.302030	0.291368	0.299296	0.294054	0.299088	0.303381	0.294919	0.290460	0.304368	0.292868	0.285401	0.285962	0.289388	0.296304	0.293772	0.296698	0.301715	0.294385	0.284567	0.290779	0.280985	0.282185	0.283283	0.299147	0.278238	0.299000	0.299089	0.286583	0.278525	0.290196	0.304501	0.294847	0.295909	0.296344	0.280113	0.289960	0.298773	0.286348	0.294561	0.295004	0.293507	0.295901	0.298102	0.274917	0.284182	0.286860	0.290435	0.270461	0.284348	0.292208	0.290245	0.299811	0.291741	0.292212	0.293627	0.285074	0.294448	0.293637	0.287066	0.297722	0.294171	0.293333	0.293859	0.298725	0.296642	0.305556	0.285867	0.291475	0.285131	0.298077	0.293260	0.284498	0.287091	0.297829	0.297997	0.297378	0.294601	0.289902	0.282263	0.284812	0.289251	0.278756	0.305688	0.295541	0.289256	0.278928	0.287260	0.289684	0.287243	0.277335	0.294712	0.294259	0.286169	0.277200	0.288729	0.297710	0.300673	0.283526	0.282609	0.288136	0.293336	0.297623	0.278310	0.290081	0.309682	0.283677	0.289034	0.292250	0.284505	0.305666	0.303434	0.289508	0.287139	0.288112	0.278641	0.276749	0.290569	0.284629	0.302219	0.293096	0.299510	0.286303	0.301986	0.274187	0.293077	0.290897	0.295228	0.285714	0.292228	0.300902	0.292445	0.281726	
0.332649	0.324000	0.308000	0.339066	0.329243	0.312102	0.329980	0.314928	0.296146	0.297297	0.390909	0.306452	0.285714	0.271318	0.197183	0.151639	0.000000	0.157143	0.216783	0.367347	0.290168	0.285425	0.287565	0.329073	0.257796	0.295775	0.341991	0.162162	0.304110	0.296218	0.316832	0.287726	0.292585	0.297821	0.295547	0.317204	0.319249	0.307522	0.316872	0.301811	0.287726	0.327935	0.312245	0.296371	0.310621	0.296066	0.288372	0.317328	0.317365	0.328512	0.313253	0.338115	0.313131	0.313131	0.330661	0.340381	0.282209	0.320329	0.318637	0.293634	0.314516	0.265823	0.280876	0.315261	0.351293	0.329268	0.316633	0.333333	0.283133	0.269076	0.330661	0.300000	0.317719	0.302846	0.307847	0.324074	0.288000	0.322581	0.319277	0.323171	0.307229	0.329764	0.303279	0.262525	0.326733	0.318182	0.309623	0.338422	0.311594	0.346392	0.308311	0.327549	0.290520	0.329787	0.323024	0.314103	0.303279	0.294355	0.329218	0.330629	0.318408	0.309623	0.339703	0.283516	0.306288	0.319613	0.301455	0.282520	0.318750	0.308550	0.290419	0.315678	0.310502	0.304136	0.363636	0.328358	0.329466	0.352083	0.296593	0.299180	0.302239	0.330435	0.302439	0.281437	0.312139	0.306522	0.302605	0.289157	0.274194	0.295775	0.241379	0.314103	0.329341	0.286385	0.302905	0.270023	0.296296	0.342169	0.305677	0.339785	0.303213	0.292632	0.301205	0.317907	0.350427	0.317719	0.295652	0.286022	0.291765	0.309237	0.355978	0.257085	0.292929	0.295556	0.301486	0.312625	0.310062	0.311871	0.324324	0.312369	0.296970	0.283702	0.281184	0.297872	0.276768	0.292339	0.295181	0.330000	0.314516	0.336756	0.308696	0.315789	0.279116	0.287500	0.294949	0.302000	0.315152	0.321212	0.309717	0.311377	0.277778	
0.285157	0.298996	0.301663	0.303130	0.296296	0.284806	0.289586	0.295479	0.285621	0.290104	0.303371	0.287079	0.286164	0.269663	0.244240	0.132769	0.157143	0.000000	0.277182	0.300845	0.275906	0.274725	0.275291	0.282790	0.264996	0.279359	0.295365	0.257778	0.294082	0.297353	0.309133	0.290371	0.287944	0.296990	0.294748	0.262370	0.292115	0.271719	0.282211	0.284520	0.276933	0.296368	0.288252	0.296842	0.287905	0.289596	0.280721	0.294883	0.292631	0.292892	0.284035	0.300498	0.295435	0.297436	0.299850	0.286333	0.288304	0.299332	0.285653	0.282571	0.284433	0.282080	0.292281	0.289141	0.298936	0.292298	0.298530	0.291542	0.288680	0.276386	0.279412	0.288567	0.299785	0.285745	0.290812	0.290507	0.287088	0.281690	0.289998	0.291793	0.293778	0.294806	0.297555	0.270351	0.281977	0.305419	0.291685	0.287168	0.274760	0.290189	0.284243	0.295089	0.279882	0.287798	0.287266	0.296169	0.280443	0.280616	0.289016	0.291480	0.288010	0.292051	0.287529	0.285200	0.285997	0.282770	0.288923	0.289199	0.286446	0.289520	0.278381	0.288466	0.300309	0.291582	0.301973	0.287118	0.292622	0.289033	0.288259	0.291161	0.281223	0.299499	0.301951	0.301285	0.288576	0.295177	0.286203	0.283148	0.276135	0.283490	0.282539	0.301676	0.294558	0.294594	0.284704	0.290689	0.289807	0.291481	0.280883	0.290905	0.296616	0.285555	0.285806	0.288096	0.295541	0.305277	0.279954	0.288037	0.280729	0.283911	0.293058	0.275685	0.295631	0.311257	0.285163	0.285745	0.289795	0.287148	0.302694	0.300156	0.286081	0.287817	0.290030	0.286126	0.276814	0.295995	0.286660	0.307083	0.290378	0.296458	0.294388	0.298607	0.276736	0.289227	0.290866	0.289759	0.284818	0.294042	0.301061	0.293490	0.277919	
0.280228	0.246827	0.241573	0.260940	0.265714	0.260615	0.253521	0.272857	0.275568	0.283871	0.309353	0.259207	0.261682	0.229947	0.230000	0.268519	0.216783	0.277182	0.000000	0.290828	0.268519	0.278014	0.275920	0.248148	0.285920	0.273077	0.292719	0.172043	0.264912	0.285294	0.315789	0.275035	0.277620	0.265203	0.257746	0.275316	0.267409	0.272036	0.273894	0.254213	0.286723	0.280057	0.278481	0.257426	0.255977	0.272069	0.247573	0.263989	0.296765	0.275613	0.286319	0.261735	0.265823	0.242595	0.276685	0.279710	0.293777	0.307692	0.244382	0.254649	0.303244	0.281567	0.296192	0.275568	0.254038	0.266197	0.278873	0.283898	0.276596	0.264498	0.286723	0.275862	0.273759	0.288732	0.266003	0.259027	0.256700	0.271067	0.262712	0.271307	0.276056	0.277946	0.268421	0.279037	0.267101	0.275362	0.261183	0.251724	0.283688	0.277778	0.297012	0.258493	0.247312	0.261111	0.251152	0.302806	0.256410	0.282885	0.286337	0.285915	0.245847	0.247851	0.277612	0.266055	0.271552	0.272260	0.265714	0.264151	0.286765	0.291444	0.251012	0.258772	0.280702	0.261667	0.237037	0.267790	0.275708	0.257971	0.243281	0.291486	0.280952	0.289398	0.274823	0.289326	0.236152	0.289157	0.262272	0.277228	0.257426	0.247525	0.268258	0.251076	0.253036	0.281667	0.250000	0.255778	0.252412	0.294393	0.283383	0.248175	0.261299	0.291545	0.283099	0.283310	0.293737	0.298444	0.276878	0.265060	0.252713	0.299578	0.281407	0.276989	0.251064	0.259091	0.263889	0.271831	0.247482	0.284107	0.280000	0.277858	0.277465	0.255289	0.265554	0.273183	0.276596	0.262784	0.259467	0.289326	0.276685	0.262108	0.249423	0.300000	0.294530	0.282640	0.247525	0.288112	0.251064	0.256662	0.310638	0.287129	0.265625	
0.273606	0.274340	0.282590	0.291498	0.278876	0.269213	0.264045	0.274657	0.281541	0.296190	0.339713	0.282647	0.267564	0.250000	0.347826	0.286700	0.367347	0.300845	0.290828	0.000000	0.290766	0.274544	0.286528	0.287386	0.270174	0.274348	0.280416	0.233333	0.279739	0.282258	0.284173	0.264744	0.279393	0.284216	0.267624	0.278654	0.268051	0.278014	0.280089	0.267245	0.278575	0.263751	0.290657	0.276145	0.276339	0.281195	0.266561	0.276682	0.283247	0.293728	0.280519	0.264135	0.278596	0.283983	0.278042	0.268556	0.282301	0.278549	0.271706	0.270906	0.280467	0.291552	0.275997	0.264069	0.278921	0.276651	0.276100	0.273160	0.273122	0.289497	0.276145	0.285303	0.274348	0.281210	0.283854	0.280932	0.261152	0.273002	0.282373	0.266433	0.275952	0.274897	0.265060	0.280069	0.277324	0.250518	0.274913	0.278040	0.280856	0.274441	0.275291	0.275283	0.266361	0.291417	0.278912	0.266484	0.277972	0.285714	0.280178	0.266234	0.268943	0.275542	0.271790	0.277050	0.277232	0.277392	0.266083	0.254831	0.286621	0.269604	0.268072	0.276741	0.287144	0.280231	0.275135	0.263125	0.265669	0.278616	0.282920	0.279275	0.262561	0.294804	0.270950	0.292820	0.262092	0.273405	0.281398	0.264388	0.286397	0.284165	0.294372	0.285460	0.280403	0.274479	0.290483	0.276850	0.258996	0.273732	0.279134	0.272645	0.268113	0.287628	0.274138	0.289974	0.273556	0.276384	0.266940	0.282228	0.272683	0.279914	0.289641	0.280382	0.279212	0.292344	0.274052	0.278306	0.270234	0.287446	0.271768	0.266343	0.270399	0.269148	0.281338	0.278716	0.276863	0.270317	0.292799	0.288745	0.285405	0.265722	0.273720	0.279009	0.285899	0.291958	0.279412	0.277682	0.272052	0.278017	0.274706	0.274382	0.288116	
0.297683	0.303689	0.304775	0.313054	0.296696	0.289287	0.300197	0.288839	0.293201	0.282051	0.307692	0.295404	0.266598	0.261728	0.290000	0.270914	0.290168	0.275906	0.268519	0.290766	0.000000	0.271160	0.278726	0.275537	0.286337	0.264217	0.295258	0.253659	0.283251	0.288925	0.257109	0.291457	0.293433	0.306567	0.294596	0.270657	0.282847	0.292119	0.287369	0.286437	0.267164	0.296492	0.291950	0.301837	0.296790	0.300564	0.290598	0.294771	0.296304	0.297820	0.298246	0.298845	0.286308	0.304119	0.308775	0.310265	0.294238	0.299863	0.292885	0.290829	0.296612	0.304822	0.293564	0.289254	0.294957	0.294028	0.297858	0.292533	0.293550	0.296556	0.279319	0.286400	0.292936	0.286846	0.299430	0.289421	0.283366	0.286214	0.293769	0.291639	0.288933	0.292172	0.297973	0.286248	0.303038	0.296225	0.286351	0.306662	0.300623	0.296222	0.315845	0.303426	0.276943	0.268482	0.303162	0.298713	0.272950	0.296841	0.301058	0.297439	0.310280	0.299529	0.290029	0.308773	0.305261	0.302902	0.287595	0.294494	0.291369	0.293408	0.303909	0.291979	0.297224	0.294906	0.292386	0.297430	0.304061	0.283953	0.311522	0.299332	0.287783	0.289941	0.308699	0.300329	0.288475	0.303845	0.283056	0.295125	0.281106	0.287311	0.277510	0.301587	0.301403	0.293991	0.299703	0.295792	0.298182	0.303700	0.282768	0.296960	0.297220	0.301489	0.285465	0.296102	0.304207	0.296021	0.289794	0.298444	0.288969	0.294324	0.281670	0.295784	0.299067	0.293142	0.270162	0.291785	0.293208	0.291184	0.304202	0.298528	0.283023	0.284434	0.291079	0.302226	0.264841	0.300286	0.288470	0.300701	0.295599	0.296546	0.290061	0.286750	0.276005	0.296635	0.306296	0.295301	0.289275	0.298775	0.292274	0.300569	0.285023	
0.279970	0.298711	0.307620	0.312973	0.290950	0.276299	0.283217	0.290988	0.285416	0.296897	0.293478	0.285661	0.256654	0.267666	0.301802	0.275975	0.285425	0.274725	0.278014	0.274544	0.271160	0.000000	0.268876	0.270020	0.268888	0.277691	0.290725	0.265560	0.286431	0.287741	0.292835	0.292531	0.282292	0.280602	0.278271	0.266667	0.280339	0.275475	0.281220	0.282307	0.278782	0.289605	0.287214	0.294399	0.288543	0.294419	0.271067	0.286410	0.290590	0.292101	0.287214	0.284036	0.287105	0.289871	0.295421	0.298225	0.279656	0.302477	0.286160	0.281842	0.285294	0.283638	0.288791	0.286583	0.288173	0.288341	0.294107	0.282188	0.279713	0.283739	0.279677	0.290476	0.284230	0.283183	0.290792	0.284490	0.286819	0.287709	0.292120	0.285075	0.290899	0.285369	0.291139	0.278967	0.283123	0.290869	0.280623	0.295714	0.274373	0.287186	0.302186	0.293873	0.275432	0.286385	0.284473	0.293908	0.284726	0.284715	0.297461	0.289130	0.286416	0.288927	0.278698	0.294142	0.290249	0.298922	0.278393	0.284425	0.296325	0.292663	0.271035	0.299010	0.292127	0.282823	0.286528	0.290821	0.293021	0.281563	0.283040	0.280899	0.279691	0.294582	0.291071	0.292967	0.297970	0.288224	0.275659	0.279181	0.284790	0.285741	0.281031	0.292435	0.279351	0.282455	0.286207	0.288675	0.275642	0.281086	0.272400	0.287457	0.284839	0.292824	0.274078	0.282268	0.308896	0.295567	0.274303	0.289780	0.284735	0.280214	0.285537	0.275392	0.283287	0.294118	0.278844	0.284900	0.284340	0.291782	0.295531	0.288171	0.270330	0.271040	0.290517	0.286542	0.270868	0.290358	0.293100	0.298747	0.290708	0.286523	0.288240	0.291613	0.273912	0.281643	0.286581	0.289387	0.279865	0.285898	0.297745	0.293176	0.280322	
0.277151	0.303496	0.301744	0.300644	0.288759	0.274302	0.277585	0.298496	0.292135	0.291980	0.307443	0.286972	0.282916	0.293671	0.313830	0.285464	0.287565	0.275291	0.275920	0.286528	0.278726	0.268876	0.000000	0.270402	0.267540	0.270446	0.287098	0.264423	0.276828	0.284293	0.297092	0.284834	0.286739	0.298827	0.280388	0.276848	0.268356	0.287493	0.279231	0.277819	0.275298	0.283797	0.288504	0.288253	0.281843	0.283000	0.273175	0.297135	0.285891	0.292924	0.290139	0.279631	0.286454	0.286244	0.292979	0.295620	0.280092	0.303967	0.293784	0.279302	0.292882	0.291917	0.288685	0.289070	0.287399	0.291255	0.295046	0.285290	0.277213	0.280367	0.280325	0.302988	0.287422	0.284192	0.297277	0.286765	0.287055	0.280365	0.284617	0.283811	0.285891	0.292024	0.297364	0.266848	0.290274	0.311065	0.295718	0.295181	0.276578	0.287829	0.290693	0.294643	0.263402	0.293179	0.281892	0.279790	0.284750	0.288752	0.286477	0.288571	0.294507	0.291646	0.272727	0.293969	0.288781	0.290414	0.280936	0.284129	0.290373	0.288000	0.293281	0.295992	0.281942	0.281311	0.293482	0.277989	0.292264	0.274008	0.292919	0.290566	0.278656	0.280546	0.295477	0.292834	0.289922	0.291031	0.281366	0.279881	0.275161	0.280702	0.278437	0.289703	0.277353	0.297518	0.286230	0.286030	0.284797	0.284548	0.287944	0.281605	0.295743	0.294845	0.274297	0.290522	0.285996	0.295931	0.273346	0.291823	0.281367	0.287200	0.280941	0.278522	0.280040	0.297813	0.277160	0.288224	0.294625	0.295601	0.297433	0.296268	0.277860	0.278368	0.280692	0.282279	0.263119	0.283589	0.290267	0.305047	0.288966	0.283620	0.270081	0.280955	0.270777	0.290444	0.292140	0.294916	0.279618	0.290506	0.301172	0.298098	0.275503	
0.289807	0.288386	0.285284	0.290875	0.293667	0.271596	0.286837	0.291484	0.288747	0.271497	0.320158	0.274608	0.255512	0.268786	0.313253	0.283070	0.329073	0.282790	0.248148	0.287386	0.275537	0.270020	0.270402	0.000000	0.275839	0.269185	0.277435	0.262857	0.289770	0.286996	0.290016	0.277034	0.281824	0.288676	0.280039	0.281654	0.290168	0.280939	0.278661	0.279330	0.287824	0.278364	0.274098	0.300164	0.279556	0.285810	0.262556	0.278102	0.278618	0.300067	0.271209	0.296296	0.283563	0.290206	0.279253	0.281153	0.280619	0.286977	0.278303	0.276272	0.290386	0.282166	0.283328	0.278543	0.283045	0.279085	0.285108	0.285199	0.278651	0.293963	0.280862	0.291984	0.274045	0.282295	0.286042	0.282711	0.271597	0.291354	0.277996	0.292027	0.289836	0.289585	0.289119	0.277140	0.289679	0.281545	0.272032	0.270283	0.267606	0.279163	0.282266	0.287747	0.267702	0.265758	0.285969	0.292599	0.274892	0.274336	0.287441	0.284548	0.300778	0.287712	0.271018	0.302403	0.271563	0.287552	0.286432	0.291239	0.292515	0.272663	0.263590	0.277231	0.293743	0.292408	0.288689	0.272902	0.274375	0.281028	0.288404	0.289763	0.271347	0.290894	0.294266	0.282908	0.276923	0.280282	0.269987	0.277887	0.282752	0.292883	0.288613	0.293208	0.275694	0.287078	0.285229	0.281529	0.270992	0.284227	0.268476	0.273384	0.286513	0.287597	0.270411	0.295120	0.282479	0.278141	0.285763	0.283404	0.269432	0.282345	0.279664	0.283087	0.282400	0.282024	0.284912	0.275320	0.276804	0.297448	0.284863	0.282550	0.276484	0.268652	0.277481	0.277085	0.283979	0.289196	0.294830	0.296696	0.285808	0.275654	0.276351	0.290079	0.280065	0.303423	0.278522	0.291408	0.274301	0.278903	0.292956	0.281598	0.280888	
