1.0389684 -0.0054557 0.0397889 -0.0146975 0.0097659 -0.0108295 0.0016596 -0.0032390 0.0179147 0.0102693 0.0263366 0.0056057 0.0001397 0.0169944 0.0119687 0.0241303 -0.0085905 0.0114584 0.0272574 -0.0310724 -0.0125114 0.0018912 0.0107155 0.0052740 0.0016183 -0.0256027 0.0084664 0.0168249 -0.0156335 0.0125255 -0.0221013 -0.0247950 0.0276589 -0.0144422 -0.0252771 -0.0120445 -0.0062264 -0.0128754 -0.0080320 -0.0296422 0.0049444 0.0123494 -0.0099991 -0.0225801 -0.0228487 -0.0053294 -0.0142918 -0.0111388 -0.0355715 -0.0265300 -0.0187835 -0.0350499 -0.0182739 -0.0090313 -0.0158925 -0.0148500 -0.0180512 -0.0467965 -0.0141152 0.0246548 0.0357857 -0.0246026 0.0025660 -0.0212873 -0.0076423 -0.0211694 0.0004227 0.0052089 -0.0110439 0.0177087 0.0112395 -0.0264981 -0.0077207 0.0048576 -0.0105410 -0.0046598 -0.0117479 0.0008222 -0.0016073 -0.0140121 0.0081648 0.0103206 -0.0059873 -0.0046679 0.0085488 -0.0155016 -0.0371109 -0.0148451 -0.0110292 -0.0243141 -0.0201822 -0.0143543 -0.0022930 0.0203402 0.0045269 0.0033463 -0.0000161 -0.0028026 -0.0069271 0.0079380 0.0058359 0.0001171 -0.0307544 -0.0105583 -0.0054225 -0.0120317 -0.0301770 -0.0072253 0.0011010 -0.0027519 -0.0409881 -0.0318070 -0.0100946 -0.0093825 -0.0157933 0.0099268 0.0260024 -0.0056002 -0.0060180 -0.0016793 0.0008313 -0.0143611 -0.0114077 -0.0034588 -0.0113035 -0.0152641 0.0142010 0.0003777 -0.0183103 0.0048630 0.0138647 -0.0098192 -0.0106718 -0.0153198 -0.0053784 -0.0340605 -0.0093590 -0.0210311 -0.0031799 -0.0131878 -0.0167862 -0.0021782 0.0141810 -0.0272888 -0.0001388 -0.0206145 -0.0286613 -0.0241431 0.0308113 0.0033157 0.0329941 -0.0046461 -0.0312752 0.0138359 -0.0072145 -0.0262073 0.0115439 -0.0019440 0.0063548 0.0085548 -0.0051015 -0.0172103 -0.0114148 -0.0007413 0.0070417 -0.0006976 -0.0176666 -0.0163483 -0.0020638
-0.0054557 1.0313900 0.0245231 0.0158622 -0.0294133 -0.0034624 -0.0196481 0.0089226 -0.0476930 -0.0096333 -0.0347051 -0.0128320 -0.0059897 -0.0553358 -0.0811849 -0.0489720 -0.0154387 -0.0653495 -0.0494273 -0.0205590 0.0266455 -0.0384534 -0.0380505 -0.0036495 -0.0006290 0.0081959 0.0154608 -0.0406112 0.0053241 -0.0520696 -0.0176660 0.0080709 -0.0796059 0.0065175 0.0105557 0.0047980 0.0277164 -0.0010888 0.0138074 0.0243233 -0.0231495 -0.0177271 0.0101593 0.0021676 0.0166848 0.0241811 -0.0258153 0.0145500 0.0282731 0.0045325 0.0124670 -0.0026825 0.0405745 -0.0239595 -0.0103502 0.0037971 0.0172880 0.0166197 -0.0125357 -0.0339021 -0.0388444 -0.0174241 0.0329067 -0.0213243 -0.0164754 -0.0070812 0.0386467 -0.0261959 0.0003063 -0.0267336 0.0160043 -0.0196949 -0.0043731 -0.0032910 -0.0050050 0.0072299 -0.0010393 -0.0052065 0.0235358 0.0070451 -0.0425495 0.0113958 0.0133742 -0.0163117 -0.0200788 0.0097763 -0.0039711 -0.0144014 0.0148034 -0.0115766 -0.0174723 0.0114028 0.0095844 0.0013537 -0.0146572 0.0045914 -0.0198509 0.0067227 0.0215707 0.0192238 -0.0069228 0.0231795 -0.0008066 0.0139920 0.0242374 0.0106214 -0.0260291 0.0049794 -0.0065349 -0.0052619 0.0165768 0.0086891 0.0061257 -0.0043072 0.0076633 -0.0193671 -0.0358707 -0.0384984 -0.0333167 0.0092213 -0.0002357 0.0119895 -0.0135852 0.0337181 0.0070646 0.0090087 -0.0299215 -0.0104916 -0.0142467 -0.0057855 -0.0278086 0.0030661 0.0371641 -0.0214968 -0.0405936 -0.0163016 -0.0095367 -0.0055321 -0.0052634 -0.0320774 0.0037336 0.0179306 -0.0518362 -0.0213247 0.0174814 -0.0118565 0.0253328 0.0353194 -0.0550248 -0.0195653 -0.0127054 0.0160486 -0.0444607 0.0179604 -0.0387540 0.0180070 -0.0114822 0.0088060 -0.0338213 -0.0088213 -0.0305399 0.0016128 0.0045543 -0.0307986 0.0119610 -0.0237981 -0.0017380 -0.0191491 -0.0452293
0.0397889 0.0245231 0.9816850 0.0224013 -0.0247215 -0.0054284 -0.0270014 0.0127061 -0.0383072 -0.0070896 -0.0360372 -0.0197105 -0.0145147 -0.0434142 -0.0273724 -0.0289367 -0.0134562 -0.0431600 -0.0491640 0.0210584 0.0207114 -0.0206494 -0.0235466 -0.0028561 -0.0168574 0.0065452 -0.0011587 -0.0496582 0.0090995 -0.0274674 -0.0291725 -0.0185718 -0.0753875 0.0189970 0.0049282 0.0081874 0.0058327 -0.0178077 -0.0123438 0.0090770 -0.0098550 -0.0099604 -0.0116308 -0.0352900 -0.0000933 0.0087730 -0.0006082 0.0189688 0.0030290 0.0118942 -0.0283178 -0.0152064 -0.0136768 -0.0326007 -0.0085959 0.0297139 -0.0278832 0.0144740 0.0052071 -0.0214542 -0.0434236 -0.0152996 0.0016494 -0.0232976 -0.0031131 -0.0232475 -0.0068664 0.0160882 -0.0029665 -0.0025184 0.0106448 -0.0365065 0.0189343 0.0123659 -0.0360429 0.0190703 0.0102150 0.0225413 0.0302915 0.0017866 -0.0278063 0.0126353 0.0208004 0.0131409 -0.0203847 -0.0041693 -0.0295589 0.0037131 0.0222410 0.0100453 0.0100848 0.0175720 0.0110894 -0.0011867 -0.0036301 0.0052285 -0.0006429 0.0192800 0.0068712 -0.0272419 0.0173878 0.0010872 0.0101859 0.0064722 -0.0069167 -0.0120996 0.0222272 0.0048255 -0.0008590 0.0078881 -0.0098712 0.0255847 0.0170851 0.0056688 -0.0250779 -0.0232552 0.0101163 -0.0033250 -0.0334079 0.0062654 -0.0041975 0.0048001 0.0004515 0.0002328 0.0125920 0.0285511 -0.0440736 0.0088619 -0.0064753 -0.0146445 -0.0237644 -0.0152422 0.0368328 -0.0052676 -0.0380750 -0.0088268 -0.0071083 0.0282446 -0.0170126 -0.0282841 -0.0134471 0.0002461 -0.0413815 -0.0017887 0.0068967 -0.0062681 0.0079807 0.0197866 -0.0321389 0.0058572 -0.0337825 0.0174969 -0.0640112 -0.0042994 -0.0273804 0.0125057 -0.0022226 0.0004725 -0.0339497 -0.0222850 -0.0359138 -0.0019756 0.0010948 0.0214174 -0.0406320 -0.0100199 0.0042558 -0.0021700 -0.0243272
-0.0146975 0.0158622 0.0224013 1.0700119 -0.0141590 0.0001761 -0.0130988 0.0147343 -0.0319647 -0.0018754 -0.0438262 -0.0035514 -0.0059559 -0.0747813 -0.0566394 -0.0324272 -0.0274248 -0.0509581 -0.0419089 -0.0047538 0.0189374 -0.0300116 -0.0281055 -0.0036515 -0.0397704 -0.0066486 -0.0216167 -0.0339549 -0.0103711 -0.0292345 -0.0317405 -0.0029150 -0.0060898 -0.0000895 -0.0016670 -0.0409165 0.0041631 0.0170945 0.0058623 -0.0083216 -0.0079934 0.0044415 -0.0254889 0.0055977 -0.0178116 0.0061980 0.0328999 -0.0075560 -0.0016331 -0.0201660 0.0293572 -0.0503503 0.0095283 -0.0136159 -0.0144914 -0.0109255 0.0160362 -0.0114295 0.0129372 0.0082623 0.0034958 -0.0046672 -0.0035669 -0.0246608 -0.0263802 0.0369970 -0.0092672 -0.0023736 0.0136605 -0.0342343 -0.0082050 -0.0310065 0.0046206 0.0089269 -0.0102857 0.0020507 0.0196411 -0.0269977 0.0151470 0.0209451 -0.0350338 0.0091028 0.0135142 -0.0017196 -0.0192268 -0.0119163 0.0067875 -0.0059158 0.0037027 -0.0044871 0.0196404 0.0197464 0.0125289 0.0207385 -0.0250968 0.0135397 0.0237184 -0.0024360 0.0205430 -0.0195849 0.0056267 -0.0185437 -0.0094033 -0.0238978 0.0149091 -0.0041230 -0.0143367 0.0030440 -0.0135766 0.0031039 0.0140159 -0.0112602 0.0056899 -0.0226013 -0.0071986 -0.0301055 -0.0148442 0.0021603 -0.0632904 0.0146218 -0.0039274 0.0240174 0.0050956 0.0364662 -0.0073111 0.0101415 -0.0057959 0.0213375 0.0182096 -0.0486833 0.0008693 -0.0190291 -0.0051262 0.0008407 -0.0105579 0.0017288 -0.0014711 0.0090214 -0.0003186 0.0102549 -0.0281483 0.0020736 -0.0555090 -0.0140314 0.0196965 -0.0336077 -0.0000422 0.0311158 -0.0182563 -0.0227828 -0.0151176 0.0107666 -0.0745394 0.0279266 0.0030575 0.0094834 0.0107457 -0.0039870 -0.0194553 -0.0337188 -0.0147627 -0.0184491 0.0164522 -0.0390713 -0.0219028 0.0230793 0.0110649 -0.0033364 -0.0247272
0.0097659 -0.0294133 -0.0247215 -0.0141590 1.0381513 -0.0208304 0.0000329 -0.0008189 -0.0002542 0.0044479 -0.0040806 0.0063993 -0.0024962 0.0218659 0.0018692 -0.0230588 -0.0056399 0.0051728 0.0058736 0.0064463 -0.0009435 -0.0027806 0.0012135 0.0002267 0.0079603 -0.0044798 -0.0076492 -0.0093448 -0.0072647 -0.0072498 -0.0007137 -0.0025535 -0.0213554 0.0222268 0.0306946 -0.0123635 -0.0201771 0.0061433 -0.0408411 -0.0219401 -0.0082274 -0.0175972 -0.0111875 0.0019853 -0.0212023 -0.0049073 -0.0179336 -0.0002366 -0.0160591 -0.0037019 -0.0170852 -0.0276251 -0.0067855 0.0230945 0.0018821 -0.0301271 -0.0054062 -0.0095884 -0.0105863 -0.0370289 -0.0209083 -0.0060913 0.0162414 -0.0021018 -0.0038231 -0.0072409 -0.0360476 0.0008702 0.0030545 -0.0109814 0.0009593 -0.0069447 0.0020797 0.0032271 0.0040543 0.0053105 0.0123015 -0.0269666 0.0173769 -0.0011241 -0.0031885 -0.0036868 -0.0216769 0.0000483 -0.0123984 -0.0002693 -0.0015166 -0.0123153 -0.0056367 0.0140701 -0.0151666 0.0152786 -0.0394381 -0.0287288 0.0153402 -0.0258703 -0.0051715 0.0025260 -0.0319467 0.0031617 -0.0098616 -0.0026024 -0.0175528 0.0003328 -0.0049121 -0.0115480 0.0149403 -0.0072782 -0.0005716 -0.0030569 0.0098451 -0.0420052 0.0053544 -0.0020330 -0.0185153 0.0038545 -0.0039873 0.0294030 0.0072905 -0.0111126 0.0030778 -0.0128490 -0.0257407 0.0075563 0.0056465 -0.0108244 -0.0172642 0.0017791 -0.0008467 -0.0083088 -0.0089247 -0.0066240 -0.0146831 -0.0005193 -0.0099470 -0.0015564 0.0059550 -0.0147952 -0.0042422 0.0074352 0.0043124 -0.0018749 -0.0257200 -0.0296733 -0.0330982 0.0102147 0.0037709 0.0041341 -0.0187328 0.0146367 -0.0085740 -0.0042751 -0.0210941 -0.0162395 -0.0052141 -0.0099879 -0.0170500 -0.0156949 0.0065197 0.0197198 -0.0139624 0.0001919 -0.0021676 -0.0161440 0.0130420 -0.0098065 -0.0155751 -0.0203674 -0.0125363
-0.0108295 -0.0034624 -0.0054284 0.0001761 -0.0208304 0.9310985 -0.0349249 0.0026755 -0.0436037 -0.0139590 -0.0613575 -0.0193630 -0.0190874 -0.0692091 -0.0506283 -0.0775452 -0.0334278 -0.0383695 -0.0504910 -0.0066356 0.0260793 -0.0217986 -0.0256320 -0.0095073 -0.0270457 0.0100562 -0.0080123 -0.0534484 0.0243415 -0.0443609 -0.0194917 -0.0013538 -0.0193651 0.0008863 0.0053146 0.0039877 0.0148814 0.0112258 -0.0127969 0.0020815 -0.0219418 -0.0001514 0.0054322 -0.0018118 0.0019531 0.0002189 -0.0039841 0.0350404 -0.0093061 0.0269021 0.0289438 -0.0395132 -0.0191007 0.0382639 0.0021516 0.0087104 0.0198974 -0.0120072 0.0256046 -0.0226006 -0.0298574 -0.0026308 -0.0050048 -0.0260713 0.0182276 0.0062784 0.0007155 -0.0051683 -0.0122623 -0.0161539 0.0333798 -0.0388599 0.0246597 0.0096749 0.0147634 0.0057256 0.0145529 0.0153910 0.0253375 0.0102817 -0.0158270 0.0072313 0.0152490 0.0161270 -0.0307787 -0.0031059 0.0037601 0.0055743 0.0219894 -0.0079644 -0.0057956 -0.0077680 0.0176248 0.0113482 -0.0396613 0.0113361 0.0073662 -0.0125669 0.0181381 -0.0128683 0.0184332 0.0196112 0.0154488 -0.0145079 -0.0091959 -0.0186269 -0.0027665 -0.0141212 -0.0170967 -0.0054562 0.0171120 0.0287655 0.0132039 0.0046003 0.0005010 -0.0126893 -0.0476102 0.0120019 -0.0399519 0.0411311 0.0012650 0.0264461 -0.0269823 0.0175874 0.0016537 0.0258938 -0.0132049 0.0106387 -0.0057723 0.0048539 -0.0167549 -0.0030325 0.0196859 0.0216969 -0.0310622 -0.0124201 -0.0057222 -0.0085247 0.0149072 -0.0162787 -0.0195687 0.0224079 -0.0665073 -0.0138757 0.0216210 -0.0227102 0.0213056 0.0235404 -0.0356638 -0.0142491 -0.0435677 0.0108011 -0.0604121 0.0178692 -0.0444847 0.0067315 -0.0040264 0.0043929 -0.0281303 -0.0012050 -0.0181170 0.0030364 0.0025688 -0.0120498 -0.0235062 0.0039519 0.0106975 -0.0196143 -0.0482699
0.0016596 -0.0196481 -0.0270014 -0.0130988 0.0000329 -0.0349249 1.1183282 -0.0027018 0.0193365 0.0124329 0.0062486 0.0090360 -0.0098055 0.0338879 0.0028835 0.0117688 0.0167863 0.0183254 0.0313583 0.0223968 -0.0129725 0.0205636 0.0221827 0.0080831 0.0138541 -0.0215826 -0.0122195 0.0274104 -0.0114123 -0.0005432 -0.0195196 0.0098576 0.0053544 -0.0055245 0.0277451 -0.0380504 0.0014191 -0.0229080 0.0127301 -0.0074334 -0.0025761 -0.0013162 -0.0162992 -0.0189361 -0.0033656 -0.0290303 -0.0480648 -0.0148203 0.0143797 -0.0280495 -0.0080404 0.0136346 -0.0411673 -0.0314733 -0.0070168 -0.0074543 -0.0244812 -0.0356622 -0.0348424 -0.0007433 -0.0072922 -0.0027904 -0.0025096 0.0005419 -0.0069776 -0.0151477 0.0021371 0.0085166 0.0160310 0.0092291 -0.0106237 0.0020726 -0.0212453 -0.0125604 -0.0195501 -0.0212750 -0.0112439 0.0090426 -0.0198217 -0.0127873 0.0214099 -0.0044380 -0.0325136 -0.0292335 -0.0015042 -0.0340954 0.0100758 -0.0165848 -0.0211304 0.0031198 0.0043975 -0.0201021 -0.0176143 -0.0210839 -0.0077935 -0.0072336 -0.0042047 -0.0004814 -0.0271392 -0.0080854 -0.0235498 -0.0131953 -0.0331414 -0.0179360 -0.0224971 0.0013587 -0.0169178 0.0060249 0.0071777 0.0095129 -0.0431050 -0.0241654 -0.0179401 -0.0173501 -0.0146302 -0.0021294 0.0375861 -0.0059630 0.0093641 -0.0242503 0.0005513 -0.0197286 0.0343830 -0.0100691 -0.0028137 0.0149378 0.0128255 -0.0156518 -0.0315472 0.0265206 -0.0082009 0.0001373 -0.0045098 -0.0502205 0.0028226 -0.0015662 -0.0361477 -0.0101580 -0.0076361 0.0111043 -0.0210000 -0.0252669 0.0382472 0.0071426 -0.0053631 -0.0002045 -0.0375782 -0.0315096 -0.0274570 -0.0010709 0.0009071 -0.0171043 0.0029647 -0.0304365 0.0154347 -0.0272217 -0.0047291 -0.0012777 0.0201389 0.0152507 0.0135406 0.0086957 -0.0136201 0.0162998 0.0204889 -0.0148093 -0.0298807 -0.0111627 0.0066228
-0.0032390 0.0089226 0.0127061 0.0147343 -0.0008189 0.0026755 -0.0027018 0.9840776 -0.0159507 -0.0024667 -0.0259430 -0.0099484 -0.0029593 -0.0314838 -0.0230974 -0.0226914 -0.0087433 -0.0256553 -0.0205313 0.0049640 0.0080354 -0.0080279 -0.0167915 0.0059586 0.0005592 0.0120432 -0.0141586 -0.0198123 0.0048121 0.0005748 -0.0105913 -0.0169186 -0.0267110 0.0105139 0.0022852 0.0029009 -0.0002025 0.0023572 -0.0023567 0.0054011 -0.0053776 0.0078140 -0.0002912 -0.0024655 0.0052129 0.0043184 -0.0014183 -0.0012593 0.0092312 0.0080712 -0.0053775 -0.0048358 -0.0064262 0.0079377 0.0025403 0.0034549 0.0127127 0.0050931 -0.0037106 -0.0118470 -0.0159878 0.0054502 0.0068589 -0.0007949 0.0003302 0.0005621 -0.0052664 0.0003402 0.0083272 -0.0118694 0.0078459 -0.0195158 0.0012834 0.0090659 0.0067329 -0.0014046 0.0099469 0.0122624 0.0094217 0.0001468 -0.0103716 0.0022354 0.0120029 0.0036607 -0.0030732 -0.0039798 0.0071618 0.0058019 0.0079005 0.0033266 0.0083573 0.0046200 0.0102575 -0.0158740 -0.0060489 0.0159140 0.0041924 -0.0035004 0.0057177 0.0018818 0.0144312 0.0123757 0.0069964 -0.0010869 0.0144668 -0.0011860 -0.0044998 -0.0001787 -0.0027591 0.0046948 0.0033220 0.0103269 0.0043737 0.0098252 -0.0035424 -0.0125152 -0.0134279 -0.0074446 -0.0249023 0.0054257 0.0060139 0.0033085 -0.0100472 0.0044584 0.0062204 0.0119031 -0.0115079 0.0166199 0.0113159 -0.0021690 -0.0159173 -0.0001062 0.0072300 -0.0077860 -0.0143463 0.0048253 0.0089256 0.0047165 0.0073260 -0.0150938 0.0041057 -0.0017023 -0.0157929 -0.0028222 0.0113797 0.0028493 0.0071485 0.0056620 -0.0145349 -0.0053221 -0.0181854 0.0071552 -0.0266670 -0.0009062 -0.0067385 0.0038058 0.0027128 0.0024202 -0.0049019 -0.0043801 -0.0112591 -0.0091641 0.0001097 -0.0050706 -0.0000652 0.0022253 -0.0003189 -0.0022114 -0.0152984
0.0179147 -0.0476930 -0.0383072 -0.0319647 -0.0002542 -0.0436037 0.0193365 -0.0159507 1.1176964 0.0384691 0.1390138 0.0543269 0.0392511 0.1563073 0.1403090 0.1314392 0.0561646 0.1200266 0.1329224 0.0088534 -0.0618321 0.0554078 0.0759069 -0.0376379 0.0330884 0.0073240 -0.0203360 0.1198278 -0.0303970 0.0667442 0.0181541 0.0115845 0.1394850 -0.0400149 -0.0259306 -0.0354807 -0.0185761 -0.0457052 -0.0450685 -0.0424004 -0.0207750 0.0052582 -0.0384747 -0.0194735 -0.0626672 -0.0404286 -0.0087312 -0.0430616 -0.0518035 -0.0402139 -0.0421433 0.0164441 -0.0210223 -0.0284838 -0.0184254 -0.0535833 -0.0400416 -0.0520989 -0.0189845 0.0694861 0.0885550 -0.0031562 -0.0225420 -0.0147708 -0.0296615 -0.0379965 0.0132016 -0.0181619 -0.0378413 0.0607340 -0.0458665 0.0674314 -0.0339842 -0.0389963 -0.0336823 -0.0396686 -0.0314072 -0.0299599 -0.0597574 -0.0370690 0.0776205 -0.0235266 -0.0543466 -0.0225237 0.0752459 -0.0234170 -0.0193328 -0.0181043 -0.0400166 -0.0301874 -0.0291594 -0.0425918 -0.0509305 -0.0341288 0.0644228 -0.0507317 0.0123638 -0.0077671 -0.0395676 -0.0313410 -0.0538994 -0.0527763 -0.0425667 -0.0035273 -0.0556945 -0.0104839 -0.0351979 -0.0096202 0.0160809 -0.0045915 -0.0525260 -0.0651905 -0.0420986 -0.0158704 0.0257812 0.0602866 0.0960335 0.0442458 0.1247439 -0.0538974 -0.0152095 -0.0383028 0.0264566 -0.0447859 -0.0209440 -0.0371547 0.0588735 -0.0474161 -0.0400550 -0.0001149 0.0657329 -0.0307040 -0.0490860 -0.0256866 0.0870361 -0.0081682 -0.0202828 -0.0377116 -0.0254572 0.0391847 0.0181903 -0.0502736 0.1312955 -0.0236526 -0.0362570 0.0110252 -0.0675316 -0.0481741 0.0815939 0.0170221 0.0795182 -0.0419475 0.1407875 -0.0357383 0.0811181 -0.0526344 -0.0542127 -0.0313273 0.0956421 0.0178687 0.1110791 -0.0009277 -0.0490873 0.0208448 0.0356308 0.0019315 -0.0522419 -0.0222836 0.1014112
0.0102693 -0.0096333 -0.0070896 -0.0018754 0.0044479 -0.0139590 0.0124329 -0.0024667 0.0384691 1.0254779 0.0489530 0.0201279 0.0101072 0.0491751 0.0433488 0.0418595 0.0158126 0.0401816 0.0433610 -0.0005753 -0.0200651 0.0196770 0.0220339 -0.0116293 0.0118815 0.0023223 -0.0052161 0.0352199 -0.0109174 0.0195025 0.0041942 0.0018146 0.0467355 -0.0130481 -0.0140808 -0.0106805 -0.0072643 -0.0104249 -0.0139380 -0.0144565 -0.0061155 0.0040655 -0.0122826 -0.0127624 -0.0249493 -0.0092790 -0.0024680 -0.0139441 -0.0151912 -0.0119101 -0.0090295 0.0043928 -0.0109677 -0.0085458 -0.0048878 -0.0160959 -0.0132108 -0.0161300 -0.0088664 0.0204909 0.0271754 -0.0037630 -0.0082728 -0.0053326 -0.0093343 -0.0133859 0.0022500 -0.0100560 -0.0123483 0.0214869 -0.0140133 0.0215258 -0.0125427 -0.0127707 -0.0143778 -0.0098469 -0.0097009 -0.0107895 -0.0191036 -0.0136413 0.0248287 -0.0068584 -0.0158106 -0.0102165 0.0234495 -0.0067667 -0.0039515 -0.0048646 -0.0132599 -0.0095892 -0.0121432 -0.0094444 -0.0165280 -0.0133087 0.0147199 -0.0184610 0.0011581 -0.0016148 -0.0157444 -0.0095720 -0.0142202 -0.0204549 -0.0149131 0.0023229 -0.0179624 -0.0057353 -0.0084623 -0.0048670 0.0038578 -0.0010806 -0.0180899 -0.0171612 -0.0095469 -0.0081224 0.0063955 0.0159382 0.0348835 0.0180658 0.0442478 -0.0126026 -0.0060307 -0.0109787 0.0049038 -0.0123793 -0.0073743 -0.0126403 0.0178793 -0.0132791 -0.0139208 0.0009242 0.0147522 -0.0085364 -0.0206024 -0.0092946 0.0261832 -0.0020579 -0.0047382 -0.0143449 -0.0085766 0.0138636 0.0070890 -0.0163946 0.0360970 -0.0066278 -0.0099193 0.0005001 -0.0231642 -0.0150476 0.0237867 0.0057484 0.0221482 -0.0124860 0.0443503 -0.0109207 0.0268750 -0.0154114 -0.0103286 -0.0074086 0.0235269 0.0080771 0.0356342 -0.0013779 -0.0134553 0.0057207 0.0104605 -0.0014853 -0.0164041 -0.0081607 0.0281869
0.0263366 -0.0347051 -0.0360372 -0.0438262 -0.0040806 -0.0613575 0.0062486 -0.0259430 0.1390138 0.0489530 1.1801605 0.0628694 0.0339456 0.1937929 0.1564278 0.1411308 0.0641898 0.1169400 0.1674917 -0.0153748 -0.0798343 0.0465964 0.0899470 -0.0495157 0.0515234 -0.0009328 -0.0314314 0.1464785 -0.0434630 0.0469075 0.0188946 -0.0026000 0.1295814 -0.0615188 -0.0183886 -0.0550537 -0.0381734 -0.0581181 -0.0574592 -0.0505695 -0.0233262 -0.0132516 -0.0693906 -0.0330283 -0.0636348 -0.0312062 -0.0136190 -0.0530706 -0.0613060 -0.0401422 -0.0476103 0.0076143 -0.0336077 -0.0351663 -0.0178168 -0.0666091 -0.0470647 -0.0408307 -0.0203832 0.0560968 0.0886650 0.0006176 -0.0416187 -0.0212141 -0.0372975 -0.0329415 -0.0058941 -0.0229805 -0.0325815 0.0531741 -0.0561145 0.0939731 -0.0449169 -0.0543052 -0.0645985 -0.0411552 -0.0468773 -0.0269691 -0.0529696 -0.0307838 0.0811077 -0.0328264 -0.0612840 -0.0242101 0.0855408 -0.0163008 -0.0100314 -0.0191192 -0.0461927 -0.0286701 -0.0480075 -0.0451086 -0.0440278 -0.0354857 0.0371232 -0.0588415 -0.0081277 -0.0125888 -0.0485534 -0.0179297 -0.0713464 -0.0539749 -0.0692235 -0.0036391 -0.0805834 -0.0269268 -0.0218979 -0.0282222 0.0085188 -0.0092960 -0.0471821 -0.0699851 -0.0562989 -0.0310889 0.0360069 0.0656583 0.1071213 0.0461122 0.1229266 -0.0747055 -0.0160999 -0.0436411 0.0410274 -0.0434870 -0.0315146 -0.0505085 0.0468177 -0.0633087 -0.0464634 0.0093131 0.0543936 -0.0329172 -0.0580712 -0.0247696 0.0926175 -0.0152656 -0.0223407 -0.0380862 -0.0413221 0.0417210 -0.0072586 -0.0606015 0.1147977 -0.0289932 -0.0516808 0.0175886 -0.0756923 -0.0662056 0.0869756 0.0124036 0.0959100 -0.0548891 0.1673601 -0.0324262 0.0680443 -0.0597508 -0.0509205 -0.0374734 0.1136973 -0.0005228 0.0970344 -0.0035537 -0.0465683 -0.0072015 0.0189693 -0.0051334 -0.0615165 -0.0245946 0.1245340
0.0056057 -0.0128320 -0.0197105 -0.0035514 0.0063993 -0.0193630 0.0090360 -0.0099484 0.0543269 0.0201279 0.0628694 1.0420443 0.0189403 0.0640596 0.0592543 0.0547859 0.0267343 0.0573857 0.0645623 0.0006649 -0.0257418 0.0281503 0.0306631 -0.0200098 0.0162722 0.0080628 -0.0049160 0.0596026 -0.0155058 0.0385871 0.0047509 0.0088720 0.0558919 -0.0235159 -0.0239214 -0.0152409 -0.0093311 -0.0219230 -0.0318021 -0.0203684 -0.0120628 -0.0012497 -0.0129133 -0.0102644 -0.0287835 -0.0206465 -0.0024378 -0.0221891 -0.0191634 -0.0143643 -0.0184513 0.0035461 -0.0066010 -0.0128152 -0.0050871 -0.0265110 -0.0235051 -0.0276409 -0.0130631 0.0349886 0.0407807 -0.0102885 -0.0074040 -0.0034836 -0.0071903 -0.0174459 0.0013526 -0.0124876 -0.0179312 0.0307195 -0.0182627 0.0307651 -0.0161794 -0.0191670 -0.0229217 -0.0122439 -0.0154564 -0.0215766 -0.0293951 -0.0197955 0.0309089 -0.0106133 -0.0210170 -0.0168270 0.0355024 -0.0102905 -0.0122013 -0.0009558 -0.0177051 -0.0048156 -0.0198384 -0.0114694 -0.0100504 -0.0207694 0.0344225 -0.0240040 -0.0029093 -0.0076554 -0.0174588 -0.0102084 -0.0241491 -0.0206816 -0.0175732 -0.0048234 -0.0299919 -0.0052121 -0.0128462 -0.0129459 0.0132636 -0.0037717 -0.0275350 -0.0225647 -0.0176086 -0.0064153 0.0143350 0.0262968 0.0403563 0.0200709 0.0465830 -0.0241200 -0.0079888 -0.0168311 0.0158934 -0.0168803 -0.0040627 -0.0222110 0.0268808 -0.0226628 -0.0182409 -0.0023349 0.0213417 -0.0131096 -0.0263300 -0.0189451 0.0403412 -0.0019969 0.0017153 -0.0295714 -0.0163710 0.0105239 0.0195219 -0.0158292 0.0570714 -0.0043129 -0.0145092 0.0109442 -0.0376153 -0.0215589 0.0383098 0.0054692 0.0372140 -0.0195344 0.0616494 -0.0143302 0.0343722 -0.0243561 -0.0274785 -0.0140688 0.0410280 0.0035071 0.0508265 -0.0121196 -0.0206063 0.0015861 0.0211829 -0.0013070 -0.0299595 -0.0191979 0.0384986
0.0001397 -0.0059897 -0.0145147 -0.0059559 -0.0024962 -0.0190874 -0.0098055 -0.0029593 0.0392511 0.0101072 0.0339456 0.0189403 1.0332458 0.0385436 0.0565539 0.0428121 0.0134211 0.0432954 0.0574605 -0.0020374 -0.0201703 0.0256379 0.0265963 -0.0147297 -0.0139085 -0.0060546 -0.0028734 0.0433734 -0.0120660 0.0332247 0.0006361 -0.0020511 0.0405801 -0.0093582 -0.0278776 -0.0220332 -0.0097292 -0.0329293 -0.0171584 -0.0162928 -0.0175610 -0.0031364 -0.0274156 0.0046318 -0.0244063 -0.0089523 -0.0093959 -0.0080665 -0.0026020 -0.0278746 -0.0197905 -0.0089172 -0.0099910 0.0058764 0.0015565 -0.0270194 -0.0228355 -0.0141615 0.0042450 0.0118604 0.0198724 -0.0117363 -0.0144913 -0.0207276 -0.0068638 -0.0182098 0.0122791 -0.0065142 -0.0234648 0.0364569 0.0028212 0.0112163 -0.0192874 -0.0064342 -0.0151557 -0.0133932 -0.0143404 0.0002838 -0.0202249 -0.0109363 0.0316643 -0.0173952 -0.0292332 -0.0092241 0.0138334 -0.0251802 -0.0077976 -0.0007730 -0.0110639 -0.0023785 0.0035721 -0.0192022 -0.0056034 0.0020758 0.0276298 -0.0173426 -0.0140884 0.0056999 -0.0138317 -0.0104643 -0.0164486 -0.0245559 -0.0186144 -0.0061290 -0.0083825 0.0066300 -0.0250824 -0.0018177 0.0128353 -0.0087339 -0.0148604 -0.0444662 -0.0163757 -0.0071219 -0.0055464 0.0260998 0.0220657 -0.0008034 0.0361538 -0.0249156 -0.0137615 -0.0093577 -0.0013215 -0.0328500 0.0022401 -0.0174136 0.0288689 -0.0260234 -0.0199842 0.0081875 0.0200365 -0.0114812 -0.0169816 -0.0108300 0.0360408 -0.0045314 -0.0213759 -0.0204275 -0.0158231 0.0168889 0.0073454 -0.0346267 0.0651025 -0.0148896 -0.0108317 0.0043824 -0.0261345 -0.0108353 0.0265213 -0.0154736 0.0302485 -0.0182252 0.0603263 0.0003435 0.0179284 -0.0272133 -0.0292862 -0.0099383 0.0357648 0.0084740 0.0255004 -0.0030500 -0.0285939 -0.0026271 0.0178831 -0.0071184 -0.0075752 -0.0125320 0.0413461
0.0169944 -0.0553358 -0.0434142 -0.0747813 0.0218659 -0.0692091 0.0338879 -0.0314838 0.1563073 0.0491751 0.1937929 0.0640596 0.0385436 1.1976001 0.1645774 0.1704371 0.0820543 0.1162380 0.1967298 0.0007510 -0.0900414 0.0560134 0.1107687 -0.0469141 0.0518007 0.0000833 -0.0248553 0.1530981 -0.0480769 0.0774730 0.0496418 0.0170043 0.1601665 -0.0473486 -0.0508387 -0.0479514 -0.0513178 -0.0499218 -0.0425164 -0.0542658 -0.0590415 0.0019426 -0.0357405 -0.0271008 -0.0894324 -0.0701726 -0.0057053 -0.0438835 -0.0694556 -0.0420718 -0.0452750 0.0106479 -0.0334923 -0.0417870 -0.0287577 -0.0676777 -0.0486278 -0.0782507 -0.0260536 0.0581166 0.0893951 -0.0126440 -0.0162550 -0.0115155 -0.0189746 -0.0316500 0.0231280 -0.0339814 -0.0526718 0.0877633 -0.0675714 0.0715418 -0.0559092 -0.0482390 -0.0287826 -0.0571212 -0.0442614 -0.0482638 -0.0858474 -0.0671615 0.1065897 -0.0250404 -0.0838513 -0.0224690 0.0833855 -0.0272814 -0.0293377 -0.0299441 -0.0467598 -0.0511642 -0.0303884 -0.0474158 -0.0622814 -0.0410246 0.0589303 -0.0699576 0.0143266 -0.0202983 -0.0673767 -0.0321219 -0.0509812 -0.0662822 -0.0767393 -0.0067968 -0.0846259 -0.0191936 -0.0443085 -0.0297839 0.0364853 -0.0157015 -0.0926858 -0.0706477 -0.0663507 -0.0311376 0.0309362 0.0494413 0.1289534 0.0321043 0.1463891 -0.0698445 -0.0223079 -0.0450911 0.0192494 -0.0716814 -0.0416282 -0.0501106 0.0656562 -0.0589897 -0.0508525 -0.0199482 0.0867748 -0.0432225 -0.0738048 -0.0482102 0.0763823 -0.0000787 -0.0395362 -0.0594756 -0.0113245 0.0129512 -0.0092376 -0.0407389 0.1408304 -0.0347541 -0.0386504 0.0382392 -0.0895810 -0.0534832 0.0983857 0.0184583 0.0867013 -0.0644161 0.1772385 -0.0675962 0.0931279 -0.0517808 -0.0718059 -0.0398189 0.1289456 0.0470494 0.1248625 -0.0062141 -0.0861947 0.0271684 0.0470941 -0.0054962 -0.0486771 -0.0514242 0.1404989
0.0119687 -0.0811849 -0.0273724 -0.0566394 0.0018692 -0.0506283 0.0028835 -0.0230974 0.1403090 0.0433488 0.1564278 0.0592543 0.0565539 0.1645774 1.1624061 0.1422162 0.0643393 0.1304664 0.1624396 -0.0064853 -0.0812037 0.0164328 0.0940658 -0.0692215 0.0430429 0.0109686 -0.0182998 0.1446872 -0.0416997 0.0733560 0.0186028 -0.0024842 0.1310049 -0.0489004 -0.0647016 -0.0542293 -0.0185511 -0.0444978 -0.0546493 -0.0429603 -0.0375448 0.0055222 -0.0302628 -0.0310672 -0.0896942 -0.0693647 0.0037046 -0.0712133 -0.0591273 -0.0494685 -0.0488145 0.0167974 -0.0140228 -0.0488680 -0.0484874 -0.0528095 -0.0553668 -0.0523394 -0.0025330 0.0404046 0.0580183 0.0028822 -0.0303260 -0.0124537 -0.0433270 -0.0336895 -0.0112060 -0.0298771 -0.0541155 0.0688998 -0.0539961 0.0467709 -0.0398847 -0.0391773 -0.0305139 -0.0293324 -0.0254947 -0.0334782 -0.0768773 -0.0599007 0.0872582 -0.0316634 -0.0536286 -0.0214171 0.0419498 -0.0151016 -0.0230316 -0.0548369 -0.0522297 -0.0358579 -0.0402866 -0.0581198 -0.0521574 -0.0474436 0.0652886 -0.0655056 -0.0258683 -0.0278966 -0.0419263 -0.0447043 -0.0475234 -0.0419156 -0.0537560 0.0022791 -0.0500624 -0.0270428 -0.0140601 -0.0097372 0.0136270 -0.0102894 -0.0638624 -0.0959957 -0.0585891 -0.0189666 0.0284265 0.0434929 0.0750272 0.0338670 0.1156016 -0.0547498 -0.0093549 -0.0463294 0.0155244 -0.0430652 -0.0108929 -0.0516946 0.0641299 -0.0489674 -0.0471567 -0.0209274 0.0436503 -0.0172828 -0.0700580 -0.0275369 0.0727386 -0.0166631 -0.0368373 -0.0224997 -0.0321145 0.0525040 0.0109823 -0.0445307 0.1259634 -0.0290825 -0.0488316 -0.0185158 -0.0728629 -0.0575895 0.0824096 0.0340436 0.0616238 -0.0511449 0.1234414 -0.0431888 0.0634842 -0.0590162 -0.0417618 -0.0437272 0.1086511 0.0212204 0.1200171 0.0074405 -0.0320617 0.0330430 0.0452086 0.0075723 -0.0594055 -0.0315639 0.1221394
0.0241303 -0.0489720 -0.0289367 -0.0324272 -0.0230588 -0.0775452 0.0117688 -0.0226914 0.1314392 0.0418595 0.1411308 0.0547859 0.0428121 0.1704371 0.1422162 1.1721236 0.0651815 0.1239656 0.1695338 0.0160146 -0.0724401 0.0454122 0.0931020 -0.0425897 0.0234472 -0.0163040 -0.0258871 0.1404769 -0.0323958 0.0534001 0.0169512 0.0076466 0.1512280 -0.0290876 -0.0408853 -0.0300472 -0.0282677 -0.0588170 -0.0603840 -0.0473921 -0.0330256 0.0048878 -0.0397456 -0.0457601 -0.0646463 -0.0262419 0.0012523 -0.0680988 -0.0783975 -0.0496174 -0.0470348 0.0066226 -0.0168459 -0.0466511 -0.0324617 -0.0631456 -0.0570160 -0.0505409 -0.0102384 0.0818001 0.0995612 -0.0237895 -0.0355609 -0.0012471 -0.0402456 -0.0343615 0.0004631 -0.0349357 -0.0506273 0.0873019 -0.0518995 0.0846661 -0.0449336 -0.0613659 -0.0504281 -0.0249381 -0.0426568 -0.0253732 -0.0489063 -0.0524628 0.1003322 -0.0318757 -0.0652270 -0.0254232 0.0575179 -0.0235073 -0.0246471 -0.0183870 -0.0608475 -0.0476171 -0.0091713 -0.0558459 -0.0468265 -0.0283327 0.0587048 -0.0498395 0.0177103 0.0013950 -0.0586938 -0.0419139 -0.0511092 -0.0666059 -0.0480848 0.0043558 -0.0780776 0.0115515 -0.0228999 -0.0118328 0.0111882 -0.0040635 -0.0723555 -0.0626926 -0.0607060 -0.0264815 0.0089456 0.0497857 0.1047116 0.0530731 0.1173988 -0.0722502 -0.0190916 -0.0428142 0.0246095 -0.0535138 -0.0249678 -0.0395684 0.0412473 -0.0484820 -0.0687396 0.0089963 0.0581234 -0.0253793 -0.0462313 -0.0270739 0.0979004 0.0077374 -0.0227039 -0.0602220 -0.0318304 0.0196666 0.0378960 -0.0641188 0.1351527 -0.0392106 -0.0379794 0.0040123 -0.0670732 -0.0550791 0.0863622 0.0023796 0.1004910 -0.0391435 0.1510657 -0.0387804 0.0459603 -0.0706490 -0.0529838 -0.0313611 0.1141388 0.0146079 0.1353146 -0.0407709 -0.0585560 0.0103551 0.0272875 -0.0109763 -0.0646961 -0.0360616 0.1209995
-0.0085905 -0.0154387 -0.0134562 -0.0274248 -0.0056399 -0.0334278 0.0167863 -0.0087433 0.0561646 0.0158126 0.0641898 0.0267343 0.0134211 0.0820543 0.0643393 0.0651815 1.0436624 0.0491334 0.0683860 -0.0091264 -0.0335153 0.0031774 0.0402793 -0.0112504 -0.0001348 -0.0101471 -0.0080320 0.0480901 -0.0202924 0.0376241 0.0142527 0.0128248 0.0536934 -0.0208440 -0.0075097 -0.0276068 -0.0090963 -0.0174053 -0.0246040 -0.0318048 0.0000203 -0.0134745 -0.0183099 -0.0338088 -0.0241457 -0.0277254 0.0054189 -0.0133399 -0.0325270 -0.0016399 -0.0365095 0.0088146 -0.0048766 -0.0286647 0.0046757 -0.0195631 -0.0189166 -0.0227190 -0.0131496 0.0046722 0.0288090 0.0030886 -0.0223695 -0.0061259 -0.0125527 -0.0281753 0.0131865 -0.0110469 -0.0065976 0.0155144 -0.0256312 0.0466596 -0.0236922 -0.0204344 -0.0112029 0.0001459 -0.0072484 -0.0174265 -0.0338772 -0.0162034 0.0317564 -0.0105361 -0.0249877 -0.0264406 0.0310941 -0.0153723 -0.0121352 -0.0023476 -0.0228584 -0.0161368 0.0059360 -0.0295574 -0.0107542 -0.0188429 0.0181123 -0.0487351 0.0064599 -0.0059126 -0.0169646 -0.0198369 -0.0380779 -0.0280217 -0.0319763 -0.0009040 -0.0288748 -0.0138131 -0.0023242 -0.0215085 -0.0038390 -0.0023038 -0.0445209 -0.0349148 -0.0165617 -0.0153304 0.0188513 0.0092878 0.0392695 0.0203454 0.0613076 -0.0218183 -0.0058969 -0.0275095 0.0019205 -0.0196989 -0.0071156 -0.0282379 0.0360416 -0.0250977 -0.0357136 -0.0005559 0.0500736 -0.0230198 -0.0194501 -0.0146417 0.0311011 -0.0093315 -0.0145588 -0.0230542 -0.0073534 0.0146888 -0.0120780 -0.0222587 0.0635854 -0.0065878 -0.0101197 -0.0268133 -0.0316781 -0.0180703 0.0244253 -0.0055754 0.0391573 -0.0226948 0.0750164 -0.0090277 0.0301383 -0.0371524 -0.0401158 -0.0099960 0.0517949 -0.0062796 0.0548554 -0.0312664 -0.0154051 0.0091543 0.0268132 -0.0067965 -0.0364214 0.0001437 0.0472174
0.0114584 -0.0653495 -0.0431600 -0.0509581 0.0051728 -0.0383695 0.0183254 -0.0256553 0.1200266 0.0401816 0.1169400 0.0573857 0.0432954 0.1162380 0.1304664 0.1239656 0.0491334 1.1076694 0.1514984 0.0093881 -0.0717688 0.0597085 0.0809632 -0.0701644 0.0402800 0.0169551 -0.0076891 0.1421408 -0.0445936 0.0554553 0.0119723 0.0176943 0.1274648 -0.0511352 -0.0260503 -0.0267721 -0.0290248 -0.0444384 -0.0435842 -0.0325598 -0.0225979 0.0144416 -0.0205786 -0.0373603 -0.0459302 -0.0352457 -0.0035520 -0.0499676 -0.0710321 -0.0290001 -0.0498882 0.0096382 -0.0294643 -0.0222642 -0.0229678 -0.0430792 -0.0422637 -0.0462189 -0.0236410 0.0685816 0.0500180 -0.0232431 -0.0317074 -0.0127135 -0.0131295 -0.0302166 0.0020498 -0.0302135 -0.0544038 0.0679775 -0.0710559 0.0544788 -0.0271792 -0.0500121 -0.0528665 -0.0233251 -0.0420707 -0.0267081 -0.0613302 -0.0345668 0.0755414 -0.0325223 -0.0728219 -0.0036447 0.0551555 -0.0104004 -0.0227641 -0.0427220 -0.0373841 -0.0265712 -0.0343103 -0.0332360 -0.0619415 -0.0420925 0.0178402 -0.0626767 0.0044065 -0.0015467 -0.0448840 -0.0249464 -0.0734710 -0.0632747 -0.0463286 -0.0062983 -0.0562034 -0.0065178 -0.0478431 -0.0294911 0.0043731 -0.0058763 -0.0594039 -0.0766462 -0.0395742 -0.0387278 0.0092574 0.0636303 0.0965600 0.0390747 0.0989899 -0.0751734 -0.0154086 -0.0313634 0.0225492 -0.0566074 -0.0253066 -0.0356043 0.0615672 -0.0400007 -0.0232217 0.0053325 0.0363348 -0.0224847 -0.0571905 -0.0269902 0.0853665 -0.0226158 -0.0243861 -0.0327833 -0.0323577 0.0427802 0.0223564 -0.0607737 0.0970679 -0.0165782 -0.0457255 0.0030778 -0.0569329 -0.0481594 0.0708031 0.0242729 0.0495650 -0.0415830 0.1333852 -0.0267248 0.0602137 -0.0556671 -0.0606880 -0.0472595 0.0823726 0.0027485 0.0755002 -0.0118921 -0.0447961 0.0311317 0.0326073 -0.0323934 -0.0544709 -0.0167233 0.0796657
0.0272574 -0.0494273 -0.0491640 -0.0419089 0.0058736 -0.0504910 0.0313583 -0.0205313 0.1329224 0.0433610 0.1674917 0.0645623 0.0574605 0.1967298 0.1624396 0.1695338 0.0683860 0.1514984 1.1558305 0.0068359 -0.0779455 0.0651488 0.0947504 -0.0449250 0.0347828 0.0065683 -0.0297302 0.1513208 -0.0329584 0.0743105 0.0207067 0.0021928 0.1732731 -0.0478393 -0.0467421 -0.0333714 -0.0295009 -0.0499978 -0.0621356 -0.0585047 -0.0174259 0.0040283 -0.0538916 -0.0451662 -0.0775938 -0.0523815 0.0036970 -0.0530607 -0.0630826 -0.0500844 -0.0503149 0.0211220 -0.0398119 -0.0297339 -0.0290998 -0.0677131 -0.0598974 -0.0634572 -0.0322090 0.0904135 0.1078176 0.0052087 -0.0259639 -0.0235723 -0.0529054 -0.0532730 0.0150621 -0.0247694 -0.0455848 0.0895696 -0.0544684 0.0828376 -0.0395342 -0.0427888 -0.0487254 -0.0380003 -0.0375739 -0.0388619 -0.0707706 -0.0427271 0.1000603 -0.0288491 -0.0718587 -0.0240938 0.0877348 -0.0337976 -0.0144863 -0.0116178 -0.0505262 -0.0428725 -0.0282623 -0.0573188 -0.0518435 -0.0261541 0.0690800 -0.0574936 0.0017677 -0.0141101 -0.0502054 -0.0431506 -0.0648076 -0.0665488 -0.0611723 -0.0015987 -0.0735400 -0.0106203 -0.0397743 0.0001265 0.0151798 -0.0058548 -0.0691287 -0.0769355 -0.0583398 -0.0214924 0.0100114 0.0757446 0.1178572 0.0396286 0.1436665 -0.0707762 -0.0177718 -0.0524237 0.0341783 -0.0490389 -0.0214506 -0.0391101 0.0635551 -0.0642615 -0.0486424 0.0084517 0.0673633 -0.0260384 -0.0642085 -0.0395166 0.1123988 -0.0131337 -0.0270661 -0.0342801 -0.0410679 0.0585489 0.0298122 -0.0685029 0.1579720 -0.0245716 -0.0413856 0.0222998 -0.0770768 -0.0587269 0.0999619 0.0207049 0.0992548 -0.0602341 0.1731395 -0.0423753 0.0893242 -0.0678230 -0.0668779 -0.0334225 0.1178814 0.0200155 0.1337000 -0.0204486 -0.0539267 0.0315249 0.0488470 -0.0006680 -0.0645851 -0.0288163 0.1201107
-0.0310724 -0.0205590 0.0210584 -0.0047538 0.0064463 -0.0066356 0.0223968 0.0049640 0.0088534 -0.0005753 -0.0153748 0.0006649 -0.0020374 0.0007510 -0.0064853 0.0160146 -0.0091264 0.0093881 0.0068359 1.0573514 -0.0045255 0.0080461 0.0045014 -0.0168221 -0.0027687 -0.0058633 -0.0127096 0.0019111 -0.0038853 -0.0014395 -0.0014580 -0.0045860 0.0064983 0.0067467 -0.0062866 -0.0122613 0.0121914 0.0198926 -0.0058611 0.0010936 0.0095202 0.0049155 -0.0461977 0.0003078 -0.0235491 -0.0041781 -0.0185274 0.0040375 -0.0084637 -0.0200620 -0.0174039 -0.0054889 -0.0219358 -0.0336366 -0.0001517 0.0009416 -0.0023331 -0.0109791 -0.0145772 -0.0162555 -0.0306317 0.0014362 0.0025737 -0.0260889 -0.0211473 -0.0087257 -0.0222039 -0.0077462 -0.0505148 -0.0098202 -0.0025958 -0.0038461 -0.0034945 0.0096362 -0.0123000 -0.0139025 -0.0000368 0.0050065 -0.0071899 -0.0114828 -0.0012351 -0.0055025 -0.0046552 -0.0106848 -0.0033440 -0.0144968 -0.0169684 -0.0186583 -0.0041328 0.0113456 -0.0071262 -0.0118395 0.0014062 -0.0310040 -0.0173093 0.0041828 -0.0265318 -0.0125959 -0.0117427 0.0274170 -0.0096934 0.0027442 -0.0082328 -0.0078670 0.0006268 0.0149032 -0.0065840 0.0111719 0.0035433 -0.0026463 -0.0178007 0.0038289 -0.0085561 0.0071888 -0.0123814 -0.0117862 -0.0169076 0.0217732 -0.0012105 -0.0111596 -0.0052885 -0.0087408 -0.0122229 0.0006911 -0.0320259 0.0026891 -0.0048292 0.0133961 -0.0081837 -0.0266716 -0.0120504 -0.0206216 -0.0033877 0.0036265 0.0076888 0.0024390 0.0017171 -0.0015627 0.0049685 -0.0308033 -0.0122785 -0.0049787 0.0110125 -0.0038295 -0.0130517 0.0249099 -0.0242458 -0.0026606 -0.0002050 -0.0010386 -0.0015767 -0.0017748 0.0071276 -0.0045240 -0.0078679 -0.0026374 -0.0176654 -0.0174556 0.0070173 0.0146911 0.0186913 -0.0292901 -0.0228564 -0.0041559 0.0052951 -0.0376628 -0.0072209 -0.0215355 0.0161288
-0.0125114 0.0266455 0.0207114 0.0189374 -0.0009435 0.0260793 -0.0129725 0.0080354 -0.0618321 -0.0200651 -0.0798343 -0.0257418 -0.0201703 -0.0900414 -0.0812037 -0.0724401 -0.0335153 -0.0717688 -0.0779455 -0.0045255 0.9742988 -0.0335982 -0.0426667 0.0182926 -0.0204529 -0.0062858 0.0064253 -0.0692963 0.0168753 -0.0430717 -0.0114645 -0.0090430 -0.0791940 0.0219390 0.0157594 0.0229735 0.0104561 0.0221081 0.0244361 0.0210256 0.0029031 -0.0052174 0.0233573 0.0173798 0.0389043 0.0241060 -0.0006492 0.0231424 0.0289514 0.0246557 0.0219117 -0.0108727 0.0148420 0.0170505 0.0078909 0.0321718 0.0270601 0.0312143 0.0121615 -0.0424546 -0.0511200 -0.0018781 0.0186462 0.0108269 0.0150538 0.0220991 -0.0100919 0.0131612 0.0256278 -0.0391046 0.0228028 -0.0441777 0.0197853 0.0239013 0.0258284 0.0174396 0.0187937 0.0174577 0.0365826 0.0233503 -0.0432540 0.0145584 0.0320591 0.0073574 -0.0403323 0.0114199 0.0104140 0.0101673 0.0235735 0.0205223 0.0143485 0.0261802 0.0264953 0.0208257 -0.0314927 0.0279042 -0.0059210 0.0033448 0.0277880 0.0196354 0.0281577 0.0293854 0.0234559 0.0015233 0.0281149 0.0062532 0.0204428 0.0059245 -0.0088028 0.0021242 0.0353499 0.0391248 0.0258126 0.0106975 -0.0120425 -0.0374753 -0.0550939 -0.0189798 -0.0705856 0.0332948 0.0097169 0.0214346 -0.0218024 0.0272593 0.0124896 0.0183862 -0.0384630 0.0257367 0.0211355 -0.0048878 -0.0373893 0.0173946 0.0297467 0.0126260 -0.0519155 0.0056704 0.0123768 0.0176423 0.0173714 -0.0221222 -0.0139591 0.0259845 -0.0728486 0.0094048 0.0184907 -0.0097134 0.0410338 0.0272422 -0.0480021 -0.0133326 -0.0446103 0.0231983 -0.0862030 0.0199127 -0.0466213 0.0276209 0.0289164 0.0155594 -0.0521662 -0.0148771 -0.0646945 0.0078344 0.0254718 -0.0092483 -0.0237982 -0.0011975 0.0277518 0.0112737 -0.0580071
0.0018912 -0.0384534 -0.0206494 -0.0300116 -0.0027806 -0.0217986 0.0205636 -0.0080279 0.0554078 0.0196770 0.0465964 0.0281503 0.0256379 0.0560134 0.0164328 0.0454122 0.0031774 0.0597085 0.0651488 0.0080461 -0.0335982 1.0310526 0.0232809 -0.0019019 -0.0037308 0.0189556 0.0118568 0.0634728 -0.0068100 0.0231084 -0.0131095 0.0072101 0.0406054 -0.0214949 -0.0376789 -0.0323190 -0.0232382 -0.0183612 -0.0084242 -0.0105320 -0.0061623 -0.0251989 -0.0324444 -0.0197574 -0.0275798 -0.0233903 -0.0027664 0.0071070 -0.0248357 -0.0146744 0.0071690 -0.0038277 -0.0505178 -0.0016025 -0.0038259 -0.0346079 -0.0225147 -0.0365628 0.0004290 0.0499052 0.0193337 -0.0066455 -0.0466512 -0.0275179 -0.0272783 -0.0211652 -0.0135064 0.0016374 -0.0021544 0.0267827 -0.0259653 0.0451516 -0.0076188 -0.0270748 -0.0026579 -0.0224437 -0.0145986 -0.0158106 -0.0157943 -0.0017971 0.0521088 -0.0203409 -0.0225517 -0.0220433 0.0150322 -0.0124565 -0.0037190 -0.0127537 -0.0202540 -0.0231552 -0.0088851 -0.0076993 -0.0426752 -0.0288207 0.0027231 -0.0386572 0.0007004 -0.0123256 -0.0306927 0.0097418 -0.0516362 -0.0425431 -0.0296179 0.0000008 -0.0101474 -0.0238943 -0.0132687 -0.0120405 0.0032737 -0.0074495 -0.0372775 -0.0080855 -0.0197452 -0.0423433 -0.0011744 0.0217488 0.0152470 -0.0039798 0.0179779 -0.0421916 -0.0267287 -0.0270023 -0.0008802 -0.0453072 -0.0138402 -0.0326649 0.0187502 -0.0171341 -0.0232136 -0.0086786 0.0254316 -0.0150859 -0.0322647 0.0042403 0.0356942 -0.0142190 -0.0101197 -0.0252050 -0.0223081 0.0627410 0.0093207 -0.0162305 0.0581384 -0.0218911 -0.0266615 0.0244084 -0.0458601 -0.0337385 0.0239899 0.0180746 0.0326898 -0.0210568 0.0627840 0.0122507 0.0459778 -0.0448552 -0.0418146 -0.0219583 0.0341104 -0.0007052 0.0317170 -0.0265449 -0.0205795 -0.0062877 0.0057729 -0.0258121 -0.0123774 -0.0047434 0.0403205
