0.000000	0.285043	0.265925	0.281931	0.266871	0.268525	0.293312	0.252336	0.280255	0.244635	0.287910	0.267394	0.270408	0.282824	0.279824	0.274251	0.283175	0.284689	0.278738	0.282482	0.291498	0.286628	0.296033	0.269618	0.284892	0.295707	0.273235	0.284775	0.283126	0.282865	0.281244	0.275210	0.284295	0.269844	0.282996	0.273060	0.265485	0.280452	0.278351	0.284665	0.281136	0.284023	0.276252	0.272474	0.268735	0.277183	0.275925	0.281159	0.274306	0.281889	0.276755	0.288777	0.281555	0.269794	0.288626	0.283927	0.283009	0.284943	0.279540	0.284893	0.285714	0.290883	0.273860	0.277525	0.274513	0.281448	0.280467	0.272870	0.283220	0.281108	0.271425	0.278855	0.267892	0.273450	0.279008	0.285714	0.275606	0.269367	0.270955	0.272334	0.272105	0.257336	0.260550	0.278259	0.270141	0.280467	0.283966	0.276599	0.284340	0.276121	0.273494	0.274980	0.266955	0.259977	0.280989	0.269119	0.288518	0.288395	0.269509	0.275608	0.279115	0.281509	0.278037	0.279988	0.273311	0.271598	0.275075	0.280745	0.272693	0.287921	0.286119	0.277875	0.280178	0.281078	0.283354	0.281604	0.281774	0.288248	0.286686	0.269224	0.270675	0.281951	0.282000	0.275711	0.280025	0.279954	0.281309	0.276774	0.277875	0.281530	0.286880	0.280160	0.269338	0.277073	0.283365	0.283993	0.273671	0.275976	0.273594	0.275253	0.285891	0.272419	0.292009	0.274691	0.282111	0.287354	0.279119	0.268714	0.278446	0.269866	0.286508	0.282082	0.291354	0.271503	0.283249	0.283025	0.271777	0.271408	0.291128	0.277933	0.285764	0.283280	0.283476	0.285219	0.274815	0.273880	0.275692	0.279409	0.289354	
0.285043	0.000000	0.274021	0.274757	0.280535	0.266479	0.293770	0.255319	0.278926	0.260504	0.292279	0.260459	0.279079	0.295920	0.302169	0.292050	0.280811	0.293684	0.278967	0.287532	0.250980	0.291674	0.320162	0.276863	0.288734	0.283490	0.270880	0.294498	0.275844	0.296564	0.291103	0.272867	0.302199	0.271979	0.277209	0.279517	0.257802	0.279566	0.268955	0.275167	0.285301	0.283912	0.273160	0.279121	0.272634	0.277359	0.280674	0.275512	0.264471	0.277816	0.275153	0.293625	0.280552	0.283862	0.287498	0.273191	0.274813	0.266644	0.280068	0.290020	0.294687	0.280503	0.280939	0.282248	0.287729	0.278721	0.273362	0.279109	0.277388	0.291588	0.265747	0.282156	0.278766	0.282415	0.285343	0.286408	0.287142	0.280875	0.274465	0.271199	0.285522	0.262864	0.280129	0.278177	0.285863	0.276208	0.275656	0.281319	0.278628	0.286638	0.275797	0.273546	0.269441	0.273159	0.290558	0.269759	0.287280	0.287770	0.277424	0.276517	0.283695	0.279800	0.276683	0.287475	0.279074	0.277173	0.283531	0.274840	0.271985	0.283630	0.275631	0.267442	0.270794	0.275651	0.277957	0.295261	0.295264	0.293728	0.296094	0.275058	0.275242	0.278640	0.286932	0.274479	0.275692	0.273458	0.286881	0.284275	0.282201	0.287377	0.292331	0.274369	0.266224	0.282217	0.289172	0.283068	0.268024	0.277390	0.281338	0.277493	0.279523	0.278191	0.302002	0.277835	0.273714	0.284112	0.271352	0.275347	0.288052	0.272727	0.291011	0.281043	0.303754	0.268593	0.288147	0.277437	0.281042	0.268840	0.295350	0.287526	0.294637	0.282167	0.275651	0.291843	0.279170	0.278797	0.276783	0.279939	0.289128	
0.265925	0.274021	0.000000	0.271035	0.286077	0.264578	0.288169	0.241509	0.275210	0.242424	0.293328	0.276479	0.280119	0.301855	0.285182	0.277132	0.283758	0.282504	0.285823	0.276373	0.266932	0.286877	0.314872	0.271964	0.283102	0.287417	0.273512	0.297507	0.275521	0.282749	0.287287	0.271522	0.299103	0.271201	0.270760	0.266503	0.259711	0.277342	0.277563	0.276915	0.281294	0.280492	0.277719	0.281497	0.271944	0.272417	0.275919	0.271177	0.263877	0.270208	0.278401	0.288053	0.277202	0.277993	0.280399	0.272042	0.278858	0.267920	0.275602	0.280794	0.291769	0.276091	0.279498	0.277357	0.278927	0.280156	0.272073	0.268314	0.281658	0.282697	0.271631	0.284381	0.272028	0.265600	0.287219	0.276250	0.275978	0.273102	0.276820	0.269319	0.279166	0.268238	0.245318	0.271572	0.288238	0.276110	0.279601	0.270161	0.285405	0.278148	0.261080	0.278224	0.261944	0.274605	0.281642	0.274409	0.282231	0.270881	0.272958	0.290249	0.264081	0.273705	0.274505	0.284708	0.277277	0.277655	0.276185	0.272044	0.264583	0.269252	0.266619	0.270208	0.276501	0.279226	0.276607	0.293425	0.288584	0.284561	0.287799	0.269739	0.264798	0.271053	0.282784	0.282705	0.272900	0.268074	0.285660	0.272919	0.271343	0.275333	0.285314	0.278158	0.266372	0.277388	0.296621	0.278622	0.255610	0.266514	0.281853	0.280733	0.278321	0.273020	0.294070	0.272312	0.274991	0.283810	0.263921	0.264528	0.288451	0.264799	0.287290	0.260467	0.293258	0.270756	0.283178	0.277426	0.277426	0.264335	0.297936	0.280438	0.288566	0.285868	0.272871	0.279314	0.273392	0.272664	0.280618	0.267438	0.286755	
0.281931	0.274757	0.271035	0.000000	0.284355	0.268331	0.290115	0.241443	0.263485	0.237288	0.297137	0.263870	0.275617	0.299752	0.291817	0.283157	0.294173	0.288957	0.287630	0.292305	0.263780	0.289469	0.302725	0.282948	0.289222	0.287575	0.280561	0.278078	0.279449	0.289759	0.285002	0.273693	0.287662	0.271637	0.285983	0.280899	0.268336	0.283723	0.277322	0.285689	0.279823	0.277336	0.281681	0.274510	0.280594	0.280405	0.274468	0.285028	0.271060	0.280620	0.272990	0.294000	0.279891	0.279959	0.281640	0.285472	0.276267	0.276197	0.277948	0.272712	0.286175	0.286178	0.282553	0.277512	0.284525	0.268493	0.281868	0.274150	0.276752	0.293565	0.280574	0.285812	0.277754	0.272155	0.282669	0.285824	0.255150	0.283429	0.272025	0.279100	0.280848	0.290034	0.269659	0.285925	0.281758	0.281920	0.280007	0.282727	0.291667	0.279643	0.267793	0.273849	0.268383	0.278229	0.289616	0.274643	0.277418	0.286581	0.263904	0.283263	0.278516	0.286327	0.278630	0.290691	0.280000	0.273327	0.290500	0.281131	0.283383	0.273854	0.272685	0.278481	0.265537	0.290281	0.280995	0.289245	0.286643	0.279129	0.295071	0.284925	0.273330	0.268412	0.284598	0.266939	0.282057	0.284244	0.275343	0.275541	0.277998	0.286251	0.282003	0.277702	0.278861	0.274026	0.284261	0.282157	0.277246	0.274152	0.281667	0.272852	0.284876	0.273350	0.304160	0.274740	0.272266	0.291957	0.278803	0.269477	0.290878	0.281006	0.292541	0.278342	0.298941	0.272758	0.278630	0.289124	0.280504	0.276267	0.286975	0.295529	0.288067	0.281272	0.281335	0.292770	0.277008	0.268570	0.281164	0.273283	0.289958	
0.266871	0.280535	0.286077	0.284355	0.000000	0.265362	0.289460	0.232928	0.274262	0.236052	0.291963	0.253425	0.270201	0.279915	0.290237	0.286341	0.274630	0.283479	0.259484	0.282932	0.268000	0.283786	0.299795	0.282529	0.280952	0.292229	0.278720	0.280311	0.269211	0.286248	0.279691	0.280170	0.291836	0.269844	0.282259	0.274503	0.263946	0.280748	0.278219	0.290200	0.282517	0.283822	0.277299	0.264447	0.275278	0.272243	0.282967	0.285609	0.269102	0.273375	0.274662	0.293198	0.284303	0.268362	0.279568	0.281321	0.271961	0.277386	0.285538	0.290044	0.288350	0.277766	0.275972	0.273723	0.273318	0.273141	0.283727	0.272152	0.273547	0.291358	0.272091	0.279591	0.272285	0.277128	0.275936	0.282449	0.257627	0.286202	0.266903	0.283534	0.275125	0.262443	0.283482	0.274043	0.277201	0.278501	0.279243	0.282525	0.288108	0.282125	0.271015	0.277744	0.278446	0.285315	0.279245	0.282908	0.283571	0.282600	0.285145	0.272779	0.281589	0.288447	0.272372	0.280047	0.270128	0.272308	0.275146	0.282304	0.276782	0.274194	0.270341	0.277277	0.264272	0.273983	0.275947	0.284354	0.288716	0.280387	0.288285	0.279344	0.275221	0.277302	0.287550	0.280628	0.283747	0.277058	0.281968	0.274234	0.281067	0.280822	0.285890	0.277729	0.279406	0.275638	0.282326	0.280797	0.264200	0.273881	0.280621	0.276404	0.281841	0.276967	0.297855	0.276378	0.286644	0.283805	0.271403	0.280957	0.286570	0.273558	0.294061	0.285772	0.290755	0.277198	0.275850	0.273818	0.281938	0.262690	0.284233	0.277108	0.289977	0.285586	0.281112	0.283985	0.272256	0.276723	0.283476	0.275075	0.289957	
0.268525	0.266479	0.264578	0.268331	0.265362	0.000000	0.275583	0.244611	0.268750	0.276596	0.286763	0.264022	0.275655	0.285317	0.288814	0.275433	0.283285	0.283538	0.276046	0.276920	0.253012	0.279757	0.295572	0.266118	0.275145	0.272247	0.266044	0.292427	0.264398	0.279521	0.270906	0.262599	0.283251	0.271441	0.270004	0.259357	0.260379	0.266878	0.267958	0.270109	0.277553	0.274366	0.264969	0.261520	0.265105	0.268611	0.272628	0.264317	0.263010	0.260096	0.262022	0.283402	0.278452	0.262240	0.272640	0.269791	0.265578	0.274279	0.266362	0.273830	0.286266	0.266541	0.268733	0.278023	0.263075	0.263125	0.268331	0.260839	0.267914	0.279021	0.263286	0.275692	0.259473	0.255975	0.262489	0.270969	0.264164	0.272156	0.263791	0.269532	0.258056	0.279176	0.259793	0.264269	0.272516	0.272536	0.265384	0.263786	0.269755	0.269134	0.269722	0.264670	0.261051	0.257433	0.280072	0.267132	0.270837	0.276250	0.263879	0.270691	0.272649	0.264792	0.261780	0.280366	0.276846	0.264923	0.269422	0.269375	0.273381	0.272526	0.264622	0.253881	0.261290	0.266015	0.271416	0.278394	0.287959	0.272121	0.283600	0.263884	0.266154	0.263583	0.279245	0.259610	0.264159	0.264325	0.273493	0.272430	0.270453	0.264842	0.283336	0.268168	0.251108	0.265109	0.279030	0.278958	0.278576	0.266796	0.269119	0.265608	0.278273	0.266276	0.296843	0.263389	0.260422	0.277788	0.261229	0.259743	0.273063	0.270797	0.285108	0.270161	0.294729	0.270256	0.276996	0.265400	0.277475	0.268757	0.290698	0.272164	0.278878	0.274960	0.271529	0.279033	0.273344	0.260572	0.268006	0.272137	0.281309	
0.293312	0.293770	0.288169	0.290115	0.289460	0.275583	0.000000	0.242086	0.277311	0.285106	0.297466	0.297297	0.294341	0.285594	0.285765	0.280067	0.282581	0.277451	0.273414	0.275005	0.248031	0.289523	0.299389	0.281380	0.289373	0.295003	0.274219	0.280721	0.259855	0.287207	0.289321	0.283613	0.288200	0.282312	0.275327	0.288395	0.262086	0.279453	0.279309	0.283205	0.285143	0.282029	0.278222	0.278774	0.279791	0.283271	0.289207	0.277859	0.274384	0.282494	0.276437	0.281703	0.282431	0.280035	0.281851	0.282439	0.283854	0.281266	0.288873	0.283974	0.294342	0.276403	0.273094	0.269808	0.278000	0.280727	0.282386	0.274496	0.280279	0.279540	0.282269	0.279540	0.282613	0.283970	0.277375	0.293719	0.275000	0.274308	0.275963	0.276981	0.268579	0.272216	0.266105	0.277778	0.281294	0.289465	0.278497	0.282884	0.292002	0.282298	0.275101	0.284658	0.277267	0.286011	0.289319	0.277788	0.276292	0.291699	0.278440	0.279548	0.277251	0.278669	0.285901	0.288759	0.284322	0.274932	0.285012	0.283005	0.268595	0.284153	0.284501	0.276091	0.271456	0.280243	0.275322	0.283774	0.286437	0.280626	0.283798	0.279797	0.271782	0.281818	0.276256	0.273413	0.271818	0.272335	0.286364	0.284245	0.280899	0.275256	0.287968	0.274943	0.268927	0.279805	0.288922	0.288226	0.282019	0.277081	0.270611	0.279289	0.290380	0.288169	0.279400	0.269184	0.275505	0.282911	0.284699	0.285351	0.288525	0.274700	0.298756	0.284302	0.288827	0.278224	0.290289	0.287578	0.278677	0.273216	0.299957	0.281863	0.286531	0.286247	0.276378	0.286209	0.275734	0.279215	0.281442	0.285367	0.280321	
0.252336	0.255319	0.241509	0.241443	0.232928	0.244611	0.242086	0.000000	0.252137	0.211009	0.278000	0.252280	0.248895	0.265097	0.253983	0.262594	0.252874	0.258768	0.251969	0.236098	0.226415	0.275862	0.325342	0.237523	0.245143	0.252874	0.239963	0.253359	0.221034	0.245509	0.263653	0.267355	0.282609	0.235788	0.262082	0.260223	0.241758	0.246667	0.240862	0.251662	0.255339	0.242991	0.261353	0.243243	0.256007	0.250478	0.247403	0.240266	0.237209	0.254460	0.275093	0.252446	0.266851	0.256744	0.258537	0.265987	0.248378	0.227273	0.272475	0.256530	0.288230	0.262262	0.237697	0.232493	0.256244	0.248988	0.266174	0.251391	0.262326	0.263993	0.257075	0.258427	0.238790	0.231068	0.246472	0.261932	0.247166	0.229029	0.259214	0.250484	0.233293	0.250000	0.239291	0.244019	0.250707	0.268727	0.264650	0.238806	0.260504	0.264981	0.241176	0.232461	0.230038	0.259594	0.252602	0.240000	0.251208	0.300188	0.239826	0.251953	0.246561	0.260679	0.229167	0.260223	0.268222	0.238051	0.257732	0.261538	0.243243	0.239006	0.273543	0.242115	0.242718	0.240279	0.260261	0.267658	0.266167	0.250232	0.259570	0.261159	0.248724	0.258602	0.251222	0.250503	0.240760	0.244467	0.277888	0.249759	0.240187	0.241346	0.272643	0.250929	0.243430	0.277108	0.261996	0.235468	0.240041	0.233645	0.234020	0.255792	0.262264	0.264822	0.264583	0.238583	0.241905	0.266481	0.242165	0.243833	0.263207	0.244218	0.271271	0.268702	0.272388	0.253035	0.247672	0.276695	0.253247	0.247637	0.248333	0.267233	0.249074	0.281279	0.250699	0.269767	0.262311	0.247212	0.251866	0.260951	0.243275	
0.280255	0.278926	0.275210	0.263485	0.274262	0.268750	0.277311	0.252137	0.000000	0.202532	0.274157	0.234043	0.304965	0.269417	0.284211	0.287500	0.288136	0.298097	0.308140	0.315335	0.250000	0.284501	0.276423	0.276860	0.311715	0.307876	0.296680	0.251012	0.287356	0.273942	0.287846	0.296451	0.272917	0.279167	0.277083	0.249480	0.240826	0.282655	0.291755	0.297180	0.297917	0.286013	0.270270	0.269874	0.279503	0.277311	0.297468	0.275053	0.279167	0.288747	0.305155	0.274336	0.266667	0.280665	0.290393	0.316562	0.256785	0.268191	0.303347	0.274793	0.263485	0.276644	0.270440	0.278243	0.288100	0.292517	0.265560	0.291667	0.283925	0.309623	0.304598	0.270440	0.270983	0.271318	0.273504	0.329298	0.240964	0.283298	0.271574	0.281996	0.291444	0.244094	0.307210	0.296296	0.255765	0.325000	0.274841	0.269311	0.382222	0.288747	0.303493	0.246575	0.282051	0.307107	0.288703	0.267368	0.272727	0.281853	0.277457	0.285714	0.312360	0.283688	0.256831	0.312155	0.300000	0.287526	0.292531	0.280172	0.255245	0.302752	0.269720	0.304527	0.259912	0.292135	0.258799	0.279412	0.285714	0.301031	0.274059	0.281046	0.330218	0.317308	0.305495	0.263403	0.269321	0.306604	0.276549	0.274678	0.281573	0.286624	0.261411	0.282744	0.244444	0.283333	0.275862	0.267442	0.271028	0.258799	0.287154	0.254697	0.289308	0.262069	0.247166	0.280665	0.302521	0.269710	0.293869	0.265823	0.277662	0.275362	0.262473	0.295203	0.311850	0.293501	0.285714	0.326403	0.295597	0.264831	0.289286	0.305439	0.277433	0.264957	0.281513	0.259259	0.285714	0.265560	0.271399	0.295833	0.233333	
0.244635	0.260504	0.242424	0.237288	0.236052	0.276596	0.285106	0.211009	0.202532	0.000000	0.237885	0.216981	0.300699	0.228571	0.280172	0.299492	0.323699	0.238938	0.218750	0.282609	0.219512	0.293103	0.347222	0.313559	0.260684	0.311005	0.269231	0.285714	0.310078	0.294931	0.254310	0.247863	0.288136	0.266949	0.271552	0.256410	0.297561	0.244541	0.262712	0.282609	0.279661	0.248927	0.252137	0.311966	0.283898	0.285088	0.258772	0.243590	0.288793	0.227468	0.254237	0.278027	0.271552	0.258475	0.337900	0.278970	0.265217	0.280172	0.259574	0.278481	0.271186	0.287037	0.293103	0.241379	0.302128	0.238095	0.258475	0.283262	0.234043	0.242553	0.281407	0.273504	0.241860	0.229630	0.264317	0.290155	0.250000	0.273504	0.275510	0.281385	0.244444	0.294118	0.250000	0.233480	0.265217	0.247899	0.281385	0.264957	0.250000	0.278261	0.278761	0.244344	0.290043	0.289216	0.299145	0.241228	0.268398	0.251908	0.269231	0.295154	0.286385	0.271357	0.311224	0.258427	0.246637	0.264069	0.220339	0.280851	0.289655	0.261261	0.285714	0.281513	0.309735	0.269406	0.289362	0.294872	0.248908	0.227848	0.244635	0.250000	0.262195	0.290640	0.305677	0.302326	0.271357	0.330189	0.312500	0.227679	0.264957	0.225108	0.286325	0.282051	0.292517	0.277778	0.290749	0.248848	0.265403	0.289362	0.240838	0.275862	0.285106	0.290179	0.284404	0.220339	0.242424	0.254237	0.254310	0.237069	0.275424	0.254237	0.304933	0.293578	0.262931	0.276596	0.274262	0.286920	0.286920	0.275862	0.345588	0.298701	0.275424	0.290043	0.262931	0.256303	0.246809	0.283898	0.261603	0.278481	0.288557	
0.287910	0.292279	0.293328	0.297137	0.291963	0.286763	0.297466	0.278000	0.274157	0.237885	0.000000	0.266667	0.286533	0.267502	0.275578	0.265809	0.279926	0.272669	0.274276	0.294339	0.270042	0.294788	0.308390	0.288391	0.285013	0.303100	0.293033	0.287802	0.290454	0.282707	0.288884	0.284278	0.274382	0.298829	0.283986	0.289243	0.282111	0.294649	0.293178	0.299160	0.293072	0.297409	0.293505	0.290237	0.293901	0.286778	0.291217	0.296162	0.296659	0.291150	0.295390	0.294645	0.297894	0.290600	0.299576	0.305448	0.301529	0.290027	0.291232	0.283963	0.282020	0.281544	0.301933	0.294588	0.293195	0.288558	0.290033	0.285656	0.294685	0.297933	0.289328	0.269695	0.293037	0.294293	0.300458	0.301382	0.298851	0.290235	0.286620	0.292083	0.278007	0.295165	0.281466	0.289676	0.272595	0.290672	0.290629	0.290935	0.303626	0.293957	0.297145	0.295322	0.283812	0.289389	0.288181	0.293030	0.292966	0.291958	0.301606	0.289064	0.303695	0.293757	0.291853	0.279577	0.300219	0.290041	0.291152	0.294362	0.290043	0.296228	0.291241	0.286885	0.296943	0.295530	0.281224	0.282733	0.288379	0.287258	0.270160	0.307233	0.292763	0.301691	0.282927	0.286611	0.287491	0.295363	0.277199	0.301559	0.291040	0.298648	0.290835	0.286592	0.292929	0.301266	0.284033	0.292497	0.286604	0.288989	0.291374	0.286739	0.300848	0.298993	0.284587	0.290645	0.297592	0.299144	0.296412	0.301879	0.290474	0.282454	0.288200	0.288033	0.276173	0.291564	0.284490	0.298997	0.297590	0.294934	0.291358	0.294190	0.279226	0.293677	0.297568	0.302444	0.282604	0.290086	0.299669	0.294417	0.282503	
0.267394	0.260459	0.276479	0.263870	0.253425	0.264022	0.297297	0.252280	0.234043	0.216981	0.266667	0.000000	0.302376	0.268546	0.263302	0.280899	0.266904	0.285124	0.251825	0.274788	0.182796	0.303672	0.301508	0.279730	0.294837	0.280130	0.254374	0.272727	0.263441	0.268895	0.273598	0.260108	0.284367	0.276049	0.292287	0.257104	0.232595	0.281379	0.281671	0.258287	0.294197	0.260218	0.258065	0.272237	0.288799	0.291492	0.274756	0.261538	0.257760	0.266030	0.291498	0.291086	0.292287	0.274830	0.263380	0.277027	0.271989	0.268194	0.283198	0.263158	0.285521	0.266955	0.253731	0.269283	0.265668	0.276853	0.303935	0.257373	0.260163	0.268817	0.276740	0.252033	0.265211	0.274788	0.272476	0.246689	0.273649	0.277929	0.271647	0.253901	0.255245	0.264865	0.259508	0.282885	0.238095	0.258808	0.292308	0.259109	0.272436	0.269863	0.257102	0.287611	0.247934	0.275124	0.264022	0.285714	0.287129	0.286082	0.254902	0.271449	0.266254	0.268608	0.257603	0.247740	0.284286	0.277159	0.265943	0.282158	0.277136	0.311111	0.271012	0.278820	0.250000	0.274311	0.262097	0.264305	0.276049	0.260870	0.278378	0.255144	0.274854	0.258013	0.266760	0.268546	0.251163	0.295796	0.267806	0.242978	0.250000	0.277933	0.268194	0.257718	0.280922	0.296346	0.277228	0.272859	0.265672	0.289189	0.227564	0.268027	0.263946	0.252890	0.276374	0.256410	0.249655	0.267833	0.259918	0.255556	0.263514	0.253388	0.268895	0.278571	0.277174	0.255782	0.255720	0.267114	0.251682	0.261937	0.264237	0.290148	0.294906	0.297814	0.248641	0.301609	0.269126	0.271505	0.270014	0.307588	0.278716	
0.270408	0.279079	0.280119	0.275617	0.270201	0.275655	0.294341	0.248895	0.304965	0.300699	0.286533	0.302376	0.000000	0.295347	0.278874	0.275304	0.281467	0.281830	0.254305	0.291449	0.266667	0.281020	0.261404	0.253222	0.292714	0.271046	0.266051	0.278403	0.280273	0.284668	0.273748	0.260797	0.280452	0.260979	0.290498	0.280518	0.277978	0.274978	0.272234	0.282237	0.281720	0.278914	0.277174	0.265272	0.267447	0.276402	0.276587	0.278091	0.260634	0.281369	0.276409	0.279235	0.277778	0.263290	0.277408	0.288333	0.279399	0.271626	0.275126	0.288880	0.290309	0.283777	0.281289	0.285476	0.267029	0.270882	0.274173	0.272500	0.287332	0.269343	0.265695	0.272194	0.269707	0.274194	0.279109	0.275961	0.310260	0.270064	0.287515	0.278609	0.264986	0.293436	0.288248	0.275709	0.279561	0.282554	0.287924	0.269649	0.267021	0.266496	0.269266	0.266855	0.265429	0.262857	0.262468	0.276281	0.288344	0.285103	0.262500	0.280740	0.270823	0.285348	0.263312	0.291391	0.270871	0.261823	0.273915	0.277279	0.284579	0.280538	0.271288	0.275574	0.278022	0.270626	0.284641	0.278057	0.285894	0.276640	0.275241	0.270887	0.274510	0.274430	0.295584	0.280816	0.270484	0.275426	0.261064	0.280440	0.278545	0.275519	0.277154	0.271172	0.263119	0.268089	0.267108	0.279839	0.274725	0.277917	0.277863	0.268538	0.277144	0.287900	0.268959	0.282073	0.266467	0.287505	0.276478	0.262639	0.275199	0.260434	0.283174	0.291118	0.271016	0.270554	0.290727	0.295863	0.284937	0.276276	0.270851	0.274559	0.282744	0.268468	0.288591	0.282019	0.265091	0.264694	0.282955	0.277708	0.275648	
0.282824	0.295920	0.301855	0.299752	0.279915	0.285317	0.285594	0.265097	0.269417	0.228571	0.267502	0.268546	0.295347	0.000000	0.275992	0.273433	0.264939	0.278717	0.244556	0.294131	0.287736	0.281681	0.276423	0.291160	0.291071	0.296296	0.291511	0.273802	0.286726	0.283592	0.278362	0.295412	0.278042	0.291268	0.299379	0.296733	0.289321	0.291977	0.290483	0.283956	0.298140	0.294907	0.284860	0.284502	0.296626	0.305249	0.289637	0.292494	0.287685	0.288935	0.294215	0.291603	0.291142	0.287960	0.292512	0.301197	0.299897	0.296472	0.302648	0.283147	0.282009	0.292929	0.295341	0.289954	0.283564	0.292466	0.286660	0.280000	0.290864	0.281644	0.297536	0.280538	0.302332	0.288010	0.290004	0.308913	0.279489	0.290940	0.296019	0.298432	0.267085	0.270677	0.292469	0.295006	0.277498	0.289169	0.288818	0.291022	0.301703	0.303741	0.291165	0.299859	0.283729	0.287838	0.279334	0.294958	0.297905	0.291928	0.297503	0.292150	0.286778	0.296741	0.297571	0.273064	0.301910	0.276412	0.300146	0.292447	0.279172	0.284718	0.298216	0.294154	0.293750	0.300964	0.283326	0.284975	0.275005	0.287572	0.272445	0.295479	0.290933	0.302081	0.291577	0.292941	0.290020	0.294272	0.278563	0.294539	0.297979	0.294347	0.280543	0.292063	0.299157	0.303280	0.289538	0.296263	0.282286	0.291942	0.288609	0.286454	0.295030	0.292482	0.276591	0.289789	0.292435	0.295754	0.303440	0.287492	0.283887	0.280297	0.285585	0.300181	0.274174	0.294337	0.282878	0.310459	0.299731	0.286413	0.295169	0.289921	0.281507	0.288599	0.308963	0.288450	0.284633	0.281005	0.293175	0.295403	0.268814	
0.279824	0.302169	0.285182	0.291817	0.290237	0.288814	0.285765	0.253983	0.284211	0.280172	0.275578	0.263302	0.278874	0.275992	0.000000	0.264957	0.272298	0.272909	0.264618	0.292374	0.235772	0.287410	0.292683	0.295299	0.287043	0.286023	0.291782	0.270005	0.276289	0.279195	0.288358	0.284626	0.276438	0.288931	0.296603	0.299862	0.270907	0.297643	0.292199	0.299823	0.288518	0.290807	0.285125	0.292212	0.293671	0.294260	0.289681	0.299442	0.291845	0.289767	0.298110	0.285294	0.296488	0.293894	0.293575	0.296220	0.299296	0.289501	0.293317	0.285763	0.282060	0.288288	0.286111	0.291681	0.291674	0.290766	0.283551	0.288660	0.292106	0.291085	0.297973	0.278056	0.295025	0.287223	0.291820	0.294802	0.281983	0.292888	0.302594	0.299795	0.261730	0.279955	0.285040	0.287232	0.283890	0.283282	0.292999	0.287261	0.291200	0.294398	0.281866	0.300119	0.286071	0.292816	0.272583	0.297565	0.301726	0.303933	0.292962	0.290268	0.298657	0.283550	0.286898	0.286374	0.297680	0.291591	0.285987	0.281656	0.279731	0.274606	0.288390	0.297251	0.287619	0.288855	0.283451	0.289383	0.278114	0.283849	0.270503	0.291322	0.279050	0.290149	0.291951	0.285799	0.282216	0.291516	0.280781	0.294528	0.284845	0.292308	0.277015	0.287362	0.298502	0.295200	0.281443	0.290115	0.285864	0.289845	0.282039	0.278640	0.291506	0.287921	0.281008	0.280158	0.298692	0.295978	0.294107	0.288614	0.269549	0.275412	0.286795	0.284527	0.280152	0.288332	0.282691	0.301792	0.292183	0.292073	0.292178	0.293363	0.275081	0.296121	0.293946	0.290981	0.278887	0.282597	0.296987	0.283139	0.270828	
0.274251	0.292050	0.277132	0.283157	0.286341	0.275433	0.280067	0.262594	0.287500	0.299492	0.265809	0.280899	0.275304	0.273433	0.264957	0.000000	0.282532	0.263943	0.252244	0.279990	0.235849	0.281634	0.294410	0.286922	0.280066	0.293555	0.279801	0.280619	0.273077	0.274890	0.274701	0.277003	0.260900	0.275307	0.283090	0.275594	0.270920	0.293884	0.282542	0.290790	0.280425	0.279440	0.281822	0.279557	0.278603	0.285215	0.270217	0.292077	0.297088	0.282691	0.292803	0.295426	0.285883	0.288407	0.279070	0.289245	0.283302	0.278079	0.283793	0.263431	0.272216	0.288732	0.288019	0.272984	0.290815	0.275358	0.276811	0.280582	0.276163	0.276024	0.279796	0.257419	0.287612	0.299046	0.280000	0.284005	0.291191	0.285338	0.286511	0.295033	0.266598	0.298197	0.275093	0.282872	0.280581	0.282957	0.287379	0.276616	0.294383	0.291767	0.265076	0.281546	0.276502	0.281741	0.269895	0.280632	0.281539	0.282990	0.279236	0.283388	0.282089	0.280469	0.276848	0.274524	0.290218	0.266194	0.278133	0.285543	0.285439	0.274667	0.284456	0.288011	0.285061	0.280905	0.276365	0.280631	0.276716	0.271895	0.261955	0.279638	0.274229	0.284473	0.280835	0.277807	0.283757	0.279501	0.284613	0.279575	0.292428	0.273420	0.279042	0.278210	0.264160	0.288163	0.271525	0.288570	0.276091	0.277463	0.274486	0.274746	0.269028	0.290981	0.265067	0.280292	0.280880	0.285815	0.281295	0.283309	0.269539	0.268688	0.273831	0.283777	0.265662	0.283388	0.280376	0.295947	0.286118	0.275787	0.270199	0.276344	0.271278	0.287897	0.288475	0.289702	0.268310	0.276056	0.287681	0.291011	0.272255	
0.283175	0.280811	0.283758	0.294173	0.274630	0.283285	0.282581	0.252874	0.288136	0.323699	0.279926	0.266904	0.281467	0.264939	0.272298	0.282532	0.000000	0.263768	0.251422	0.280656	0.256983	0.292298	0.325077	0.283276	0.280549	0.281872	0.274400	0.284653	0.290172	0.284264	0.283462	0.271960	0.279526	0.273638	0.277865	0.280822	0.270059	0.274009	0.274773	0.288130	0.272897	0.286209	0.272558	0.290081	0.283178	0.278144	0.270452	0.272786	0.282393	0.279194	0.288462	0.292091	0.274259	0.286650	0.278562	0.280211	0.288868	0.277259	0.276377	0.283712	0.282609	0.279264	0.280888	0.271451	0.280920	0.273739	0.271397	0.277467	0.276271	0.283131	0.275054	0.262633	0.278922	0.291213	0.265255	0.278192	0.265366	0.276124	0.277327	0.277300	0.272166	0.272431	0.270629	0.293557	0.272470	0.279316	0.281560	0.265528	0.284992	0.288291	0.264775	0.277837	0.263853	0.275738	0.281708	0.294926	0.286700	0.282579	0.281941	0.285042	0.284839	0.279983	0.274771	0.280863	0.276699	0.278082	0.274788	0.285714	0.266502	0.287252	0.287225	0.274314	0.267309	0.283120	0.276463	0.284066	0.287234	0.282331	0.278556	0.294663	0.275105	0.286917	0.281736	0.269008	0.272994	0.279027	0.266530	0.274220	0.282581	0.285345	0.265053	0.282019	0.275862	0.283489	0.288650	0.288604	0.269961	0.273124	0.273878	0.285803	0.283643	0.268887	0.277738	0.270970	0.278294	0.297079	0.281970	0.275000	0.280909	0.272897	0.280380	0.281112	0.271165	0.273724	0.280560	0.287049	0.286517	0.274152	0.282353	0.284599	0.284031	0.296998	0.285670	0.274589	0.268486	0.270866	0.289647	0.266480	0.269437	
0.284689	0.293684	0.282504	0.288957	0.283479	0.283538	0.277451	0.258768	0.298097	0.238938	0.272669	0.285124	0.281830	0.278717	0.272909	0.263943	0.263768	0.000000	0.260638	0.283946	0.256098	0.277120	0.284365	0.293580	0.271763	0.286384	0.283679	0.263718	0.288279	0.276935	0.277746	0.276592	0.264531	0.281035	0.285586	0.282839	0.280378	0.287951	0.285379	0.290896	0.281807	0.282533	0.282249	0.288541	0.278068	0.279178	0.282426	0.283104	0.288841	0.277060	0.284175	0.285440	0.290677	0.278458	0.277920	0.290844	0.287664	0.283968	0.286023	0.266007	0.282304	0.282470	0.284317	0.275974	0.276661	0.275551	0.284557	0.284022	0.280065	0.284710	0.290736	0.267748	0.279379	0.279019	0.292848	0.282568	0.289073	0.286029	0.289048	0.277897	0.252376	0.281286	0.275037	0.275374	0.269294	0.273675	0.283352	0.285073	0.284079	0.287798	0.273770	0.285626	0.281483	0.287684	0.277523	0.282588	0.283647	0.285885	0.287147	0.290725	0.290452	0.288318	0.282385	0.280346	0.284466	0.267632	0.282837	0.287837	0.278143	0.280045	0.289993	0.287572	0.280259	0.284341	0.278697	0.276638	0.274287	0.276221	0.265527	0.284615	0.282051	0.278689	0.275661	0.288410	0.281514	0.278460	0.275123	0.283585	0.283043	0.274425	0.282051	0.270845	0.287264	0.282429	0.270837	0.292678	0.277838	0.277408	0.285401	0.277728	0.278174	0.290662	0.276662	0.277258	0.285846	0.293484	0.286397	0.276528	0.272351	0.268258	0.287609	0.287682	0.273333	0.284735	0.273234	0.284840	0.288901	0.277644	0.285405	0.282845	0.277320	0.283434	0.284841	0.279699	0.273143	0.275305	0.290810	0.283357	0.272901	
0.278738	0.278967	0.285823	0.287630	0.259484	0.276046	0.273414	0.251969	0.308140	0.218750	0.274276	0.251825	0.254305	0.244556	0.264618	0.252244	0.251422	0.260638	0.000000	0.276102	0.241758	0.289494	0.280277	0.276627	0.286350	0.267750	0.281899	0.262868	0.247878	0.291667	0.273006	0.272457	0.265140	0.262222	0.280832	0.272995	0.274635	0.272104	0.281157	0.282397	0.266224	0.268889	0.265140	0.286243	0.271787	0.290473	0.268405	0.291763	0.259615	0.259314	0.291513	0.261107	0.277082	0.264640	0.284706	0.281411	0.278519	0.275352	0.291327	0.267804	0.270310	0.267060	0.276580	0.288790	0.284655	0.278512	0.269345	0.263080	0.281388	0.273200	0.286680	0.244642	0.269634	0.263158	0.280570	0.253061	0.254197	0.288822	0.292159	0.276899	0.245703	0.208333	0.282185	0.285714	0.272591	0.289941	0.270722	0.258160	0.278075	0.278999	0.280926	0.267277	0.267433	0.251825	0.265185	0.280985	0.280730	0.272575	0.269693	0.290347	0.280792	0.281136	0.283158	0.248183	0.277187	0.270023	0.288262	0.267372	0.266494	0.261404	0.270423	0.281388	0.288235	0.270900	0.272997	0.257824	0.266369	0.266617	0.255004	0.281679	0.273523	0.287500	0.280581	0.259139	0.266267	0.262253	0.273819	0.270333	0.278846	0.274903	0.271659	0.258303	0.269947	0.282127	0.256672	0.288231	0.262417	0.268003	0.268643	0.257440	0.285071	0.277325	0.257954	0.258684	0.275340	0.266814	0.273764	0.269347	0.259232	0.259970	0.267423	0.285517	0.255539	0.273134	0.275405	0.285185	0.273942	0.262471	0.253991	0.271780	0.270250	0.292884	0.284650	0.261221	0.260511	0.254262	0.276786	0.277367	0.277890	
0.282482	0.287532	0.276373	0.292305	0.282932	0.276920	0.275005	0.236098	0.315335	0.282609	0.294339	0.274788	0.291449	0.294131	0.292374	0.279990	0.280656	0.283946	0.276102	0.000000	0.263374	0.283105	0.288377	0.277737	0.291298	0.297573	0.277213	0.288319	0.267094	0.285043	0.284124	0.277757	0.292858	0.276604	0.274474	0.272911	0.263381	0.274502	0.275328	0.281380	0.275760	0.274701	0.282061	0.267883	0.282496	0.276701	0.286673	0.277724	0.270072	0.279174	0.286765	0.284142	0.288561	0.285372	0.279807	0.282037	0.280669	0.274654	0.287426	0.286267	0.293436	0.282675	0.275223	0.289094	0.281618	0.281738	0.282424	0.276490	0.279031	0.295421	0.276034	0.282785	0.276434	0.275014	0.276883	0.285949	0.276536	0.284750	0.273530	0.273469	0.277493	0.269585	0.272831	0.274549	0.285127	0.278963	0.290310	0.278860	0.289444	0.279902	0.274863	0.280635	0.273905	0.290998	0.274370	0.275463	0.295415	0.283278	0.278927	0.272600	0.280770	0.272751	0.272219	0.279279	0.276004	0.274529	0.284653	0.275972	0.271875	0.277463	0.277445	0.272324	0.285344	0.276173	0.276682	0.288745	0.296207	0.282585	0.285530	0.280759	0.270152	0.280468	0.291451	0.275308	0.278601	0.277738	0.280073	0.273508	0.283086	0.282676	0.290802	0.276148	0.271721	0.286345	0.280016	0.285686	0.259218	0.264186	0.275191	0.286164	0.286703	0.277648	0.283287	0.265242	0.275156	0.292885	0.286306	0.273789	0.288242	0.273212	0.281536	0.276234	0.291882	0.271619	0.295647	0.286636	0.280686	0.278875	0.288292	0.282987	0.283642	0.287079	0.280214	0.287339	0.276069	0.281750	0.283801	0.278155	0.280474	
0.291498	0.250980	0.266932	0.263780	0.268000	0.253012	0.248031	0.226415	0.250000	0.219512	0.270042	0.182796	0.266667	0.287736	0.235772	0.235849	0.256983	0.256098	0.241758	0.263374	0.000000	0.276423	0.181818	0.257937	0.250980	0.257009	0.283465	0.250000	0.250000	0.311111	0.236948	0.243028	0.258824	0.266932	0.277344	0.247059	0.275000	0.244980	0.239216	0.302789	0.303150	0.284000	0.247059	0.200000	0.211765	0.290456	0.257028	0.265873	0.268775	0.244000	0.238281	0.252066	0.232283	0.252000	0.256303	0.245059	0.267717	0.265625	0.279352	0.292969	0.285714	0.290749	0.246032	0.246032	0.266932	0.211864	0.266932	0.263780	0.216535	0.232000	0.303191	0.284585	0.292453	0.158273	0.224900	0.301435	0.302632	0.247012	0.229358	0.251012	0.255435	0.184615	0.208633	0.273092	0.236220	0.267717	0.271605	0.249012	0.259259	0.254980	0.254167	0.254310	0.228000	0.230392	0.246964	0.248000	0.268595	0.292308	0.253886	0.234568	0.275229	0.219048	0.263736	0.222222	0.307359	0.254098	0.248031	0.253968	0.270073	0.304000	0.223301	0.242063	0.333333	0.238494	0.268482	0.298805	0.236220	0.231373	0.233202	0.224490	0.195402	0.277273	0.260163	0.220779	0.232877	0.306667	0.270042	0.278481	0.282869	0.247934	0.272374	0.232000	0.198582	0.240157	0.270492	0.258333	0.301724	0.264822	0.261905	0.201613	0.262097	0.263830	0.248908	0.265873	0.261044	0.260700	0.236948	0.244980	0.240157	0.277344	0.256303	0.286667	0.281746	0.214286	0.257812	0.248031	0.254902	0.253061	0.276471	0.279528	0.261719	0.220884	0.252000	0.214008	0.263158	0.244094	0.276265	0.258824	0.248780	
0.286628	0.291674	0.286877	0.289469	0.283786	0.279757	0.289523	0.275862	0.284501	0.293103	0.294788	0.303672	0.281020	0.281681	0.287410	0.281634	0.292298	0.277120	0.289494	0.283105	0.276423	0.000000	0.298097	0.292987	0.291307	0.294199	0.283530	0.279775	0.264051	0.284985	0.291555	0.283866	0.284584	0.283736	0.289609	0.286029	0.278484	0.290235	0.283425	0.291895	0.286581	0.295945	0.282936	0.282641	0.283873	0.290546	0.280672	0.280207	0.279927	0.276260	0.285871	0.294960	0.300368	0.290969	0.282600	0.292866	0.292714	0.284690	0.284164	0.281250	0.286709	0.283163	0.294933	0.297252	0.284589	0.291452	0.288260	0.274679	0.288635	0.296392	0.288499	0.283689	0.288124	0.288229	0.282670	0.292643	0.282578	0.289109	0.284040	0.280541	0.273168	0.294187	0.275941	0.280698	0.280358	0.286449	0.284984	0.283957	0.299441	0.291125	0.284936	0.281818	0.288268	0.289436	0.286250	0.288191	0.288465	0.287903	0.284489	0.284695	0.302519	0.285714	0.284499	0.286751	0.277574	0.282189	0.289070	0.286491	0.287055	0.283875	0.288739	0.278238	0.261921	0.285170	0.278125	0.290156	0.295040	0.295780	0.288316	0.286564	0.276115	0.285845	0.285031	0.294673	0.286851	0.281623	0.284251	0.289870	0.287120	0.282914	0.284093	0.287525	0.284119	0.284902	0.281842	0.294996	0.285873	0.286239	0.283608	0.282028	0.289660	0.283333	0.286592	0.282249	0.284637	0.286239	0.290595	0.278798	0.283824	0.274477	0.293263	0.290496	0.286372	0.278997	0.287606	0.298271	0.292508	0.285660	0.304057	0.291605	0.286996	0.294865	0.289256	0.296100	0.278931	0.288070	0.293648	0.277625	0.284800	
0.296033	0.320162	0.314872	0.302725	0.299795	0.295572	0.299389	0.325342	0.276423	0.347222	0.308390	0.301508	0.261404	0.276423	0.292683	0.294410	0.325077	0.284365	0.280277	0.288377	0.181818	0.298097	0.000000	0.273834	0.288032	0.321687	0.273931	0.323155	0.265882	0.285239	0.277311	0.309499	0.293820	0.294833	0.309331	0.295248	0.292149	0.300319	0.314834	0.296989	0.312753	0.292261	0.303734	0.305136	0.299292	0.325212	0.298209	0.275210	0.301715	0.300000	0.319515	0.287381	0.282961	0.284985	0.290635	0.292634	0.299395	0.288016	0.305584	0.284848	0.294297	0.296788	0.308247	0.265036	0.301217	0.273553	0.294949	0.282103	0.304569	0.292214	0.302477	0.292683	0.289116	0.303167	0.286735	0.286641	0.270023	0.306900	0.288690	0.301154	0.285151	0.301158	0.276339	0.308031	0.316004	0.299285	0.284687	0.286148	0.245413	0.294726	0.300439	0.280663	0.283925	0.286925	0.290256	0.290853	0.292559	0.299601	0.311755	0.300429	0.308235	0.286076	0.302491	0.301493	0.305618	0.274059	0.298569	0.302083	0.284333	0.269880	0.300265	0.294833	0.311164	0.281553	0.294355	0.285569	0.304878	0.295431	0.277328	0.280168	0.264803	0.297680	0.305994	0.291667	0.264672	0.284680	0.275333	0.286788	0.284842	0.287629	0.281974	0.280120	0.257443	0.288597	0.301948	0.308952	0.296519	0.300000	0.273203	0.297655	0.284561	0.281780	0.281522	0.290946	0.288501	0.288754	0.305726	0.273013	0.289767	0.266398	0.307104	0.272549	0.300714	0.269425	0.287449	0.325558	0.297270	0.289474	0.293763	0.283368	0.295661	0.299898	0.283249	0.304129	0.278905	0.280808	0.309091	0.298990	0.265416	
0.269618	0.276863	0.271964	0.282948	0.282529	0.266118	0.281380	0.237523	0.276860	0.313559	0.288391	0.279730	0.253222	0.291160	0.295299	0.286922	0.283276	0.293580	0.276627	0.277737	0.257937	0.292987	0.273834	0.000000	0.276881	0.287750	0.269539	0.290253	0.264870	0.283607	0.279255	0.278110	0.293039	0.268909	0.273253	0.267209	0.259462	0.269758	0.267903	0.280300	0.272573	0.285148	0.270586	0.271184	0.258536	0.270646	0.278327	0.277857	0.271866	0.267330	0.270696	0.277535	0.276617	0.273453	0.278552	0.273497	0.280684	0.272357	0.279145	0.282369	0.293281	0.278192	0.268159	0.274213	0.278916	0.278132	0.275611	0.267909	0.277929	0.289308	0.277749	0.273346	0.272902	0.268890	0.279082	0.276195	0.274784	0.273136	0.268619	0.266789	0.266506	0.278271	0.254656	0.270057	0.279752	0.284043	0.272345	0.275284	0.285864	0.272031	0.269346	0.279265	0.268318	0.270683	0.295372	0.268375	0.276115	0.275992	0.255724	0.272075	0.282440	0.278226	0.274375	0.284130	0.274161	0.266311	0.269336	0.271312	0.266814	0.268214	0.277097	0.264385	0.266625	0.271481	0.271247	0.287073	0.294688	0.282399	0.292148	0.277226	0.278146	0.278532	0.283286	0.267625	0.270292	0.278458	0.272912	0.268759	0.271497	0.275094	0.291631	0.282513	0.260768	0.271942	0.286293	0.281984	0.263682	0.275335	0.272220	0.274166	0.285690	0.270829	0.293991	0.266078	0.272046	0.280102	0.268064	0.266997	0.280353	0.271588	0.288677	0.271950	0.292907	0.266394	0.285787	0.284041	0.275675	0.277195	0.299539	0.284593	0.284869	0.270981	0.275008	0.279919	0.270909	0.269543	0.279417	0.274497	0.284966	
0.284892	0.288734	0.283102	0.289222	0.280952	0.275145	0.289373	0.245143	0.311715	0.260684	0.285013	0.294837	0.292714	0.291071	0.287043	0.280066	0.280549	0.271763	0.286350	0.291298	0.250980	0.291307	0.288032	0.276881	0.000000	0.288457	0.271748	0.278406	0.260316	0.285687	0.292001	0.281084	0.290928	0.276016	0.286226	0.277523	0.275126	0.283852	0.283689	0.291170	0.287298	0.280304	0.278836	0.280232	0.278157	0.283349	0.287210	0.281818	0.275153	0.278285	0.280102	0.289229	0.279795	0.284422	0.291255	0.285399	0.285059	0.274974	0.276462	0.281793	0.292248	0.276135	0.279313	0.273022	0.278259	0.293859	0.281357	0.283673	0.283148	0.298976	0.286458	0.286422	0.275832	0.279519	0.284475	0.291496	0.285429	0.287328	0.281839	0.277922	0.260414	0.300777	0.278853	0.285451	0.269517	0.278781	0.284481	0.278694	0.293931	0.289460	0.275506	0.279152	0.274108	0.283104	0.284247	0.279771	0.287309	0.290764	0.273628	0.284395	0.290663	0.280171	0.277093	0.286164	0.276730	0.270261	0.285003	0.278222	0.272795	0.276998	0.281808	0.271685	0.276730	0.279636	0.282379	0.291880	0.295536	0.287830	0.286372	0.285180	0.292508	0.278109	0.279673	0.284129	0.273604	0.287310	0.285820	0.283181	0.281659	0.289445	0.284259	0.279209	0.265912	0.283574	0.286269	0.283789	0.286220	0.275286	0.283746	0.281490	0.283590	0.284091	0.287203	0.281404	0.285464	0.287513	0.281734	0.277837	0.288173	0.272944	0.295991	0.272302	0.294570	0.277797	0.287053	0.288540	0.292654	0.274451	0.300544	0.280274	0.292679	0.286881	0.289339	0.293618	0.290541	0.274396	0.287537	0.274440	0.280642	
0.295707	0.283490	0.287417	0.287575	0.292229	0.272247	0.295003	0.252874	0.307876	0.311005	0.303100	0.280130	0.271046	0.296296	0.286023	0.293555	0.281872	0.286384	0.267750	0.297573	0.257009	0.294199	0.321687	0.287750	0.288457	0.000000	0.278861	0.303254	0.264196	0.300023	0.294563	0.290163	0.297372	0.277659	0.290855	0.289765	0.265992	0.290002	0.283451	0.290090	0.281290	0.296520	0.290921	0.291854	0.285013	0.294653	0.289141	0.281117	0.282886	0.291289	0.284072	0.289091	0.290137	0.286111	0.289892	0.282706	0.285258	0.288183	0.291169	0.293350	0.301726	0.289115	0.283502	0.286204	0.289883	0.296703	0.283458	0.284040	0.284247	0.294482	0.295256	0.299379	0.280946	0.288999	0.296425	0.301182	0.291247	0.293951	0.279151	0.287029	0.278461	0.276265	0.283333	0.287124	0.284044	0.287940	0.289791	0.285562	0.290854	0.292976	0.280755	0.292480	0.279337	0.275623	0.286243	0.284725	0.295794	0.302128	0.284031	0.289782	0.288783	0.278674	0.290035	0.288442	0.291883	0.282455	0.293966	0.282798	0.283967	0.289855	0.283722	0.292897	0.289834	0.284397	0.288884	0.291204	0.294647	0.296802	0.283544	0.285651	0.287823	0.292587	0.299510	0.276693	0.283907	0.285288	0.291531	0.289262	0.298794	0.303138	0.285471	0.279666	0.274696	0.289917	0.289311	0.286214	0.279687	0.279701	0.281694	0.285500	0.280649	0.281908	0.295471	0.286507	0.291383	0.293842	0.285900	0.280018	0.287150	0.287388	0.300468	0.282418	0.288741	0.287950	0.292485	0.285256	0.294620	0.288542	0.270431	0.285653	0.293254	0.294411	0.281964	0.298809	0.285652	0.282428	0.291631	0.296438	0.293071	
