1.0000 0.7735 0.6353 0.6067 0.7416 0.5908 0.9284 0.9284 0.8043 0.6608 0.6432 0.8274 0.6658 0.8410 0.7519 0.7396 0.7626 0.7651 0.6144 0.6144
0.7735 1.0000 0.7503 0.7138 0.8425 0.6736 0.7748 0.7748 0.8275 0.8015 0.7672 0.8389 0.7749 0.7464 0.8848 0.8778 0.8750 0.8498 0.7342 0.7342
0.6353 0.7503 1.0000 0.8764 0.7313 0.7733 0.6323 0.6323 0.7017 0.8295 0.8124 0.6772 0.8651 0.6367 0.7302 0.7884 0.7411 0.7611 0.8363 0.8363
0.6067 0.7138 0.8764 1.0000 0.7140 0.8121 0.5991 0.5991 0.6610 0.8112 0.8210 0.6489 0.8275 0.5968 0.7060 0.7441 0.7049 0.7149 0.8413 0.8413
0.7416 0.8425 0.7313 0.7140 1.0000 0.6923 0.7354 0.7354 0.7725 0.7867 0.7571 0.8225 0.7554 0.7280 0.8951 0.7962 0.8906 0.8495 0.7314 0.7314
0.5908 0.6736 0.7733 0.8121 0.6923 1.0000 0.5903 0.5903 0.6080 0.7822 0.8013 0.6226 0.7623 0.6020 0.6856 0.6812 0.6719 0.6845 0.8069 0.8069
0.9284 0.7748 0.6323 0.5991 0.7354 0.5903 1.0000 1.0000 0.8093 0.6679 0.6486 0.8197 0.6689 0.8613 0.7530 0.7357 0.7642 0.7601 0.6206 0.6206
0.9284 0.7748 0.6323 0.5991 0.7354 0.5903 1.0000 1.0000 0.8093 0.6679 0.6486 0.8197 0.6689 0.8613 0.7530 0.7357 0.7642 0.7601 0.6206 0.6206
0.8043 0.8275 0.7017 0.6610 0.7725 0.6080 0.8093 0.8093 1.0000 0.7199 0.6799 0.8189 0.7281 0.7967 0.7885 0.7995 0.8249 0.8007 0.6631 0.6631
0.6608 0.8015 0.8295 0.8112 0.7867 0.7822 0.6679 0.6679 0.7199 1.0000 0.8956 0.7220 0.8756 0.6746 0.7872 0.8162 0.7876 0.7797 0.8701 0.8701
0.6432 0.7672 0.8124 0.8210 0.7571 0.8013 0.6486 0.6486 0.6799 0.8956 1.0000 0.6957 0.8392 0.6432 0.7594 0.7888 0.7535 0.7581 0.8886 0.8886
0.8274 0.8389 0.6772 0.6489 0.8225 0.6226 0.8197 0.8197 0.8189 0.7220 0.6957 1.0000 0.7051 0.7837 0.8425 0.7990 0.8602 0.8191 0.6719 0.6719
0.6658 0.7749 0.8651 0.8275 0.7554 0.7623 0.6689 0.6689 0.7281 0.8756 0.8392 0.7051 1.0000 0.6800 0.7549 0.8060 0.7616 0.7826 0.8442 0.8442
0.8410 0.7464 0.6367 0.5968 0.7280 0.6020 0.8613 0.8613 0.7967 0.6746 0.6432 0.7837 0.6800 1.0000 0.7350 0.7167 0.7600 0.7653 0.6281 0.6281
0.7519 0.8848 0.7302 0.7060 0.8951 0.6856 0.7530 0.7530 0.7885 0.7872 0.7594 0.8425 0.7549 0.7350 1.0000 0.8147 0.9044 0.8475 0.7380 0.7380
0.7396 0.8778 0.7884 0.7441 0.7962 0.6812 0.7357 0.7357 0.7995 0.8162 0.7888 0.7990 0.8060 0.7167 0.8147 1.0000 0.8302 0.8290 0.7574 0.7574
0.7626 0.8750 0.7411 0.7049 0.8906 0.6719 0.7642 0.7642 0.8249 0.7876 0.7535 0.8602 0.7616 0.7600 0.9044 0.8302 1.0000 0.8761 0.7352 0.7352
0.7651 0.8498 0.7611 0.7149 0.8495 0.6845 0.7601 0.7601 0.8007 0.7797 0.7581 0.8191 0.7826 0.7653 0.8475 0.8290 0.8761 1.0000 0.7348 0.7348
0.6144 0.7342 0.8363 0.8413 0.7314 0.8069 0.6206 0.6206 0.6631 0.8701 0.8886 0.6719 0.8442 0.6281 0.7380 0.7574 0.7352 0.7348 1.0000 1.0000
0.6144 0.7342 0.8363 0.8413 0.7314 0.8069 0.6206 0.6206 0.6631 0.8701 0.8886 0.6719 0.8442 0.6281 0.7380 0.7574 0.7352 0.7348 1.0000 1.0000
