1.0000	0.6351	0.5871	0.5553	0.5917	0.5917	0.5917	0.6351	0.6351	0.6351	0.6351	0.5788	0.6351	0.6062	0.5787	0.6214	0.5538	0.6589	0.6414	0.6045
0.6351	1.0000	0.7097	0.5990	0.6446	0.6446	0.6446	1.0000	1.0000	1.0000	1.0000	0.6665	1.0000	0.6595	0.6258	0.6482	0.5898	0.7524	0.7178	0.6771
0.5871	0.7097	1.0000	0.5831	0.6049	0.6049	0.6049	0.7097	0.7097	0.7097	0.7097	0.6317	0.7097	0.5659	0.6098	0.5641	0.5582	0.6691	0.6153	0.5925
0.5553	0.5990	0.5831	1.0000	0.6699	0.6699	0.6699	0.5990	0.5990	0.5990	0.5990	0.6468	0.5990	0.6019	0.6302	0.5396	0.6546	0.6582	0.6770	0.6155
0.5917	0.6446	0.6049	0.6699	1.0000	1.0000	1.0000	0.6446	0.6446	0.6446	0.6446	0.6287	0.6446	0.6604	0.6713	0.5927	0.6656	0.6887	0.6972	0.6464
0.5917	0.6446	0.6049	0.6699	1.0000	1.0000	1.0000	0.6446	0.6446	0.6446	0.6446	0.6287	0.6446	0.6604	0.6713	0.5927	0.6656	0.6887	0.6972	0.6464
0.5917	0.6446	0.6049	0.6699	1.0000	1.0000	1.0000	0.6446	0.6446	0.6446	0.6446	0.6287	0.6446	0.6604	0.6713	0.5927	0.6656	0.6887	0.6972	0.6464
0.6351	1.0000	0.7097	0.5990	0.6446	0.6446	0.6446	1.0000	1.0000	1.0000	1.0000	0.6665	1.0000	0.6595	0.6258	0.6482	0.5898	0.7524	0.7178	0.6771
0.6351	1.0000	0.7097	0.5990	0.6446	0.6446	0.6446	1.0000	1.0000	1.0000	1.0000	0.6665	1.0000	0.6595	0.6258	0.6482	0.5898	0.7524	0.7178	0.6771
0.6351	1.0000	0.7097	0.5990	0.6446	0.6446	0.6446	1.0000	1.0000	1.0000	1.0000	0.6665	1.0000	0.6595	0.6258	0.6482	0.5898	0.7524	0.7178	0.6771
0.6351	1.0000	0.7097	0.5990	0.6446	0.6446	0.6446	1.0000	1.0000	1.0000	1.0000	0.6665	1.0000	0.6595	0.6258	0.6482	0.5898	0.7524	0.7178	0.6771
0.5788	0.6665	0.6317	0.6468	0.6287	0.6287	0.6287	0.6665	0.6665	0.6665	0.6665	1.0000	0.6665	0.6443	0.6142	0.5694	0.6105	0.6858	0.6453	0.6754
0.6351	1.0000	0.7097	0.5990	0.6446	0.6446	0.6446	1.0000	1.0000	1.0000	1.0000	0.6665	1.0000	0.6595	0.6258	0.6482	0.5898	0.7524	0.7178	0.6771
0.6062	0.6595	0.5659	0.6019	0.6604	0.6604	0.6604	0.6595	0.6595	0.6595	0.6595	0.6443	0.6595	1.0000	0.6070	0.6152	0.6273	0.6772	0.6637	0.6202
0.5787	0.6258	0.6098	0.6302	0.6713	0.6713	0.6713	0.6258	0.6258	0.6258	0.6258	0.6142	0.6258	0.6070	1.0000	0.5642	0.6898	0.6389	0.6914	0.5992
0.6214	0.6482	0.5641	0.5396	0.5927	0.5927	0.5927	0.6482	0.6482	0.6482	0.6482	0.5694	0.6482	0.6152	0.5642	1.0000	0.5579	0.6134	0.6109	0.6387
0.5538	0.5898	0.5582	0.6546	0.6656	0.6656	0.6656	0.5898	0.5898	0.5898	0.5898	0.6105	0.5898	0.6273	0.6898	0.5579	1.0000	0.6281	0.6800	0.6052
0.6589	0.7524	0.6691	0.6582	0.6887	0.6887	0.6887	0.7524	0.7524	0.7524	0.7524	0.6858	0.7524	0.6772	0.6389	0.6134	0.6281	1.0000	0.7530	0.7305
0.6414	0.7178	0.6153	0.6770	0.6972	0.6972	0.6972	0.7178	0.7178	0.7178	0.7178	0.6453	0.7178	0.6637	0.6914	0.6109	0.6800	0.7530	1.0000	0.7108
0.6045	0.6771	0.5925	0.6155	0.6464	0.6464	0.6464	0.6771	0.6771	0.6771	0.6771	0.6754	0.6771	0.6202	0.5992	0.6387	0.6052	0.7305	0.7108	1.0000
