1.0000	0.6285	0.6688	0.5723	0.5812	0.5141	0.5918	0.6580	0.6710	0.5619	0.5923	0.6116	0.6237	0.6425	0.4959	0.5774	0.6606	0.5665	0.6110	0.5675
0.6285	1.0000	0.5774	0.5934	0.5535	0.5380	0.6135	0.5976	0.5787	0.5645	0.5394	0.5778	0.5439	0.6086	0.5359	0.5752	0.5926	0.5697	0.6020	0.5630
0.6688	0.5774	1.0000	0.5623	0.5583	0.5180	0.5416	0.6789	0.5640	0.5282	0.5360	0.6769	0.5738	0.6211	0.4853	0.5737	0.5926	0.5612	0.5759	0.5657
0.5723	0.5934	0.5623	1.0000	0.5457	0.5613	0.5675	0.5786	0.5558	0.6082	0.5379	0.5177	0.5431	0.5728	0.5969	0.5771	0.5951	0.6097	0.5760	0.6130
0.5812	0.5535	0.5583	0.5457	1.0000	0.5616	0.5700	0.5802	0.5439	0.5209	0.5000	0.5524	0.5390	0.5010	0.4920	0.5318	0.5717	0.5371	0.5319	0.5423
0.5141	0.5380	0.5180	0.5613	0.5616	1.0000	0.5353	0.5325	0.5009	0.5179	0.5082	0.4935	0.4539	0.5269	0.5400	0.5936	0.5348	0.5058	0.4979	0.5551
0.5918	0.6135	0.5416	0.5675	0.5700	0.5353	1.0000	0.5997	0.6214	0.5428	0.5848	0.5146	0.5235	0.5588	0.5403	0.6033	0.6186	0.5830	0.5953	0.6063
0.6580	0.5976	0.6789	0.5786	0.5802	0.5325	0.5997	1.0000	0.6179	0.5333	0.5692	0.6194	0.5527	0.5738	0.4955	0.6027	0.5950	0.5879	0.5657	0.5842
0.6710	0.5787	0.5640	0.5558	0.5439	0.5009	0.6214	0.6179	1.0000	0.5484	0.6016	0.5325	0.5447	0.5759	0.5171	0.5959	0.6180	0.5554	0.5791	0.5626
0.5619	0.5645	0.5282	0.6082	0.5209	0.5179	0.5428	0.5333	0.5484	1.0000	0.4751	0.4767	0.5067	0.6094	0.5329	0.5392	0.5281	0.5442	0.5194	0.5612
0.5923	0.5394	0.5360	0.5379	0.5000	0.5082	0.5848	0.5692	0.6016	0.4751	1.0000	0.4886	0.5310	0.5127	0.5156	0.5798	0.5755	0.5430	0.5350	0.5510
0.6116	0.5778	0.6769	0.5177	0.5524	0.4935	0.5146	0.6194	0.5325	0.4767	0.4886	1.0000	0.5967	0.5512	0.4812	0.5134	0.5663	0.5518	0.5602	0.5258
0.6237	0.5439	0.5738	0.5431	0.5390	0.4539	0.5235	0.5527	0.5447	0.5067	0.5310	0.5967	1.0000	0.5574	0.4616	0.5179	0.6130	0.5848	0.6003	0.5353
0.6425	0.6086	0.6211	0.5728	0.5010	0.5269	0.5588	0.5738	0.5759	0.6094	0.5127	0.5512	0.5574	1.0000	0.5146	0.6006	0.5800	0.5356	0.5448	0.5401
0.4959	0.5359	0.4853	0.5969	0.4920	0.5400	0.5403	0.4955	0.5171	0.5329	0.5156	0.4812	0.4616	0.5146	1.0000	0.5473	0.5183	0.5468	0.5036	0.5846
0.5774	0.5752	0.5737	0.5771	0.5318	0.5936	0.6033	0.6027	0.5959	0.5392	0.5798	0.5134	0.5179	0.6006	0.5473	1.0000	0.5920	0.5568	0.5464	0.5855
0.6606	0.5926	0.5926	0.5951	0.5717	0.5348	0.6186	0.5950	0.6180	0.5281	0.5755	0.5663	0.6130	0.5800	0.5183	0.5920	1.0000	0.5781	0.6459	0.5830
0.5665	0.5697	0.5612	0.6097	0.5371	0.5058	0.5830	0.5879	0.5554	0.5442	0.5430	0.5518	0.5848	0.5356	0.5468	0.5568	0.5781	1.0000	0.5615	0.5796
0.6110	0.6020	0.5759	0.5760	0.5319	0.4979	0.5953	0.5657	0.5791	0.5194	0.5350	0.5602	0.6003	0.5448	0.5036	0.5464	0.6459	0.5615	1.0000	0.5608
0.5675	0.5630	0.5657	0.6130	0.5423	0.5551	0.6063	0.5842	0.5626	0.5612	0.5510	0.5258	0.5353	0.5401	0.5846	0.5855	0.5830	0.5796	0.5608	1.0000
