1.0000 0.9933 0.9994 0.5651 0.9359 0.8078 0.8358 0.9933 0.9948 0.5652 0.9363 0.5651 0.8022 0.5650 0.5652 0.7714 0.7714 0.9950 0.5652 0.9372
0.9933 1.0000 0.9938 0.5637 0.9414 0.8066 0.8353 0.9998 0.9978 0.5639 0.9418 0.5638 0.8009 0.5637 0.5639 0.7700 0.7700 0.9978 0.5639 0.9427
0.9994 0.9938 1.0000 0.5650 0.9362 0.8077 0.8357 0.9938 0.9953 0.5651 0.9367 0.5650 0.8020 0.5650 0.5651 0.7713 0.7713 0.9954 0.5651 0.9376
0.5651 0.5637 0.5650 1.0000 0.5399 0.5813 0.5700 0.5637 0.5643 0.9990 0.5391 0.9984 0.5860 0.9996 0.9987 0.5952 0.5952 0.5643 0.9987 0.5394
0.9359 0.9414 0.9362 0.5399 1.0000 0.7867 0.8219 0.9414 0.9400 0.5400 0.9916 0.5399 0.7794 0.5398 0.5400 0.7462 0.7462 0.9399 0.5400 0.9919
0.8078 0.8066 0.8077 0.5813 0.7867 1.0000 0.9548 0.8066 0.8077 0.5815 0.7827 0.5812 0.9870 0.5813 0.5815 0.9424 0.9424 0.8077 0.5814 0.7831
0.8358 0.8353 0.8357 0.5700 0.8219 0.9548 1.0000 0.8353 0.8362 0.5701 0.8176 0.5699 0.9443 0.5700 0.5702 0.9020 0.9020 0.8362 0.5701 0.8179
0.9933 0.9998 0.9938 0.5637 0.9414 0.8066 0.8353 1.0000 0.9978 0.5639 0.9418 0.5637 0.8008 0.5637 0.5639 0.7699 0.7699 0.9978 0.5638 0.9427
0.9948 0.9978 0.9953 0.5643 0.9400 0.8077 0.8362 0.9978 1.0000 0.5645 0.9404 0.5643 0.8020 0.5643 0.5645 0.7711 0.7711 0.9997 0.5645 0.9413
0.5652 0.5639 0.5651 0.9990 0.5400 0.5815 0.5701 0.5639 0.5645 1.0000 0.5392 0.9986 0.5861 0.9989 0.9995 0.5953 0.5953 0.5645 0.9996 0.5396
0.9363 0.9418 0.9367 0.5391 0.9916 0.7827 0.8176 0.9418 0.9404 0.5392 1.0000 0.5391 0.7756 0.5391 0.5392 0.7426 0.7426 0.9403 0.5392 0.9973
0.5651 0.5638 0.5650 0.9984 0.5399 0.5812 0.5699 0.5637 0.5643 0.9986 0.5391 1.0000 0.5859 0.9983 0.9984 0.5951 0.5951 0.5643 0.9986 0.5395
0.8022 0.8009 0.8020 0.5860 0.7794 0.9870 0.9443 0.8008 0.8020 0.5861 0.7756 0.5859 1.0000 0.5860 0.5862 0.9532 0.9532 0.8019 0.5861 0.7760
0.5650 0.5637 0.5650 0.9996 0.5398 0.5813 0.5700 0.5637 0.5643 0.9989 0.5391 0.9983 0.5860 1.0000 0.9987 0.5952 0.5952 0.5643 0.9987 0.5394
0.5652 0.5639 0.5651 0.9987 0.5400 0.5815 0.5702 0.5639 0.5645 0.9995 0.5392 0.9984 0.5862 0.9987 1.0000 0.5954 0.5954 0.5645 0.9994 0.5396
0.7714 0.7700 0.7713 0.5952 0.7462 0.9424 0.9020 0.7699 0.7711 0.5953 0.7426 0.5951 0.9532 0.5952 0.5954 1.0000 1.0000 0.7710 0.5953 0.7431
0.7714 0.7700 0.7713 0.5952 0.7462 0.9424 0.9020 0.7699 0.7711 0.5953 0.7426 0.5951 0.9532 0.5952 0.5954 1.0000 1.0000 0.7710 0.5953 0.7431
0.9950 0.9978 0.9954 0.5643 0.9399 0.8077 0.8362 0.9978 0.9997 0.5645 0.9403 0.5643 0.8019 0.5643 0.5645 0.7710 0.7710 1.0000 0.5645 0.9412
0.5652 0.5639 0.5651 0.9987 0.5400 0.5814 0.5701 0.5638 0.5645 0.9996 0.5392 0.9986 0.5861 0.9987 0.9994 0.5953 0.5953 0.5645 1.0000 0.5396
0.9372 0.9427 0.9376 0.5394 0.9919 0.7831 0.8179 0.9427 0.9413 0.5396 0.9973 0.5395 0.7760 0.5394 0.5396 0.7431 0.7431 0.9412 0.5396 1.0000
