1.0000	0.5947	0.6724	0.6560	0.6970	0.6715	0.6236	0.6706	0.5966	0.7188	0.5667	0.6676	0.7005	0.6367	0.5367	0.6801	0.6011	0.5896	0.6726	0.7209
0.5947	1.0000	0.6347	0.6327	0.6174	0.6241	0.6720	0.5990	0.6396	0.6131	0.6464	0.6118	0.6500	0.5748	0.5940	0.6394	0.6845	0.7109	0.6423	0.6024
0.6724	0.6347	1.0000	0.7736	0.7965	0.7418	0.6302	0.7148	0.6745	0.7724	0.6876	0.7540	0.8008	0.6450	0.6202	0.7951	0.6259	0.7061	0.8021	0.7867
0.6560	0.6327	0.7736	1.0000	0.7103	0.7006	0.6384	0.6632	0.6840	0.6994	0.6542	0.7234	0.7211	0.6904	0.6112	0.8446	0.6581	0.7016	0.7399	0.7457
0.6970	0.6174	0.7965	0.7103	1.0000	0.7585	0.6207	0.7330	0.6646	0.7900	0.6739	0.7839	0.7711	0.6421	0.6145	0.7408	0.6260	0.6780	0.7880	0.8021
0.6715	0.6241	0.7418	0.7006	0.7585	1.0000	0.6611	0.6569	0.7540	0.7432	0.7224	0.6949	0.7028	0.6701	0.6539	0.7395	0.6133	0.6924	0.7942	0.7243
0.6236	0.6720	0.6302	0.6384	0.6207	0.6611	1.0000	0.6089	0.6328	0.6315	0.6264	0.6141	0.6387	0.6247	0.6226	0.6858	0.6184	0.7389	0.6466	0.6099
0.6706	0.5990	0.7148	0.6632	0.7330	0.6569	0.6089	1.0000	0.5859	0.7169	0.5907	0.7621	0.8066	0.5929	0.5471	0.6536	0.5888	0.6351	0.6493	0.7728
0.5966	0.6396	0.6745	0.6840	0.6646	0.7540	0.6328	0.5859	1.0000	0.6532	0.7757	0.6216	0.6248	0.7201	0.6871	0.6984	0.6184	0.6691	0.7179	0.6254
0.7188	0.6131	0.7724	0.6994	0.7900	0.7432	0.6315	0.7169	0.6532	1.0000	0.6636	0.7280	0.7704	0.6184	0.6009	0.7285	0.6208	0.6738	0.7779	0.7686
0.5667	0.6464	0.6876	0.6542	0.6739	0.7224	0.6264	0.5907	0.7757	0.6636	1.0000	0.6456	0.6432	0.6368	0.6795	0.6702	0.6266	0.6808	0.7257	0.6237
0.6676	0.6118	0.7540	0.7234	0.7839	0.6949	0.6141	0.7621	0.6216	0.7280	0.6456	1.0000	0.8240	0.6277	0.5869	0.7241	0.6254	0.6690	0.7015	0.8387
0.7005	0.6500	0.8008	0.7211	0.7711	0.7028	0.6387	0.8066	0.6248	0.7704	0.6432	0.8240	1.0000	0.6185	0.5819	0.7231	0.6330	0.6942	0.7187	0.8380
0.6367	0.5748	0.6450	0.6904	0.6421	0.6701	0.6247	0.5929	0.7201	0.6184	0.6368	0.6277	0.6185	1.0000	0.5851	0.7152	0.5710	0.6254	0.6297	0.6512
0.5367	0.5940	0.6202	0.6112	0.6145	0.6539	0.6226	0.5471	0.6871	0.6009	0.6795	0.5869	0.5819	0.5851	1.0000	0.6332	0.5904	0.6326	0.6520	0.5626
0.6801	0.6394	0.7951	0.8446	0.7408	0.7395	0.6858	0.6536	0.6984	0.7285	0.6702	0.7241	0.7231	0.7152	0.6332	1.0000	0.6461	0.7305	0.7683	0.7442
0.6011	0.6845	0.6259	0.6581	0.6260	0.6133	0.6184	0.5888	0.6184	0.6208	0.6266	0.6254	0.6330	0.5710	0.5904	0.6461	1.0000	0.6623	0.6510	0.6121
0.5896	0.7109	0.7061	0.7016	0.6780	0.6924	0.7389	0.6351	0.6691	0.6738	0.6808	0.6690	0.6942	0.6254	0.6326	0.7305	0.6623	1.0000	0.7108	0.6594
0.6726	0.6423	0.8021	0.7399	0.7880	0.7942	0.6466	0.6493	0.7179	0.7779	0.7257	0.7015	0.7187	0.6297	0.6520	0.7683	0.6510	0.7108	1.0000	0.7236
0.7209	0.6024	0.7867	0.7457	0.8021	0.7243	0.6099	0.7728	0.6254	0.7686	0.6237	0.8387	0.8380	0.6512	0.5626	0.7442	0.6121	0.6594	0.7236	1.0000
