1.0000	0.6016	0.5293	0.5230	0.5564	0.5564	0.5564	0.6016	0.6016	0.6016	0.6016	0.5607	0.6016	0.5626	0.5299	0.5814	0.5400	0.5577	0.5586	0.5577
0.6016	1.0000	0.5445	0.5694	0.6265	0.6265	0.6265	1.0000	1.0000	1.0000	1.0000	0.6251	1.0000	0.6161	0.5832	0.6209	0.5659	0.6362	0.5878	0.6362
0.5293	0.5445	1.0000	0.5706	0.5571	0.5571	0.5571	0.5445	0.5445	0.5445	0.5445	0.6434	0.5445	0.5323	0.5367	0.5374	0.5286	0.5459	0.5820	0.5459
0.5230	0.5694	0.5706	1.0000	0.5300	0.5300	0.5300	0.5694	0.5694	0.5694	0.5694	0.5903	0.5694	0.5355	0.6169	0.5963	0.5338	0.6155	0.5772	0.6155
0.5564	0.6265	0.5571	0.5300	1.0000	1.0000	1.0000	0.6265	0.6265	0.6265	0.6265	0.5735	0.6265	0.6335	0.5286	0.5591	0.5378	0.5827	0.5422	0.5827
0.5564	0.6265	0.5571	0.5300	1.0000	1.0000	1.0000	0.6265	0.6265	0.6265	0.6265	0.5735	0.6265	0.6335	0.5286	0.5591	0.5378	0.5827	0.5422	0.5827
0.5564	0.6265	0.5571	0.5300	1.0000	1.0000	1.0000	0.6265	0.6265	0.6265	0.6265	0.5735	0.6265	0.6335	0.5286	0.5591	0.5378	0.5827	0.5422	0.5827
0.6016	1.0000	0.5445	0.5694	0.6265	0.6265	0.6265	1.0000	1.0000	1.0000	1.0000	0.6251	1.0000	0.6161	0.5832	0.6209	0.5659	0.6362	0.5878	0.6362
0.6016	1.0000	0.5445	0.5694	0.6265	0.6265	0.6265	1.0000	1.0000	1.0000	1.0000	0.6251	1.0000	0.6161	0.5832	0.6209	0.5659	0.6362	0.5878	0.6362
0.6016	1.0000	0.5445	0.5694	0.6265	0.6265	0.6265	1.0000	1.0000	1.0000	1.0000	0.6251	1.0000	0.6161	0.5832	0.6209	0.5659	0.6362	0.5878	0.6362
0.6016	1.0000	0.5445	0.5694	0.6265	0.6265	0.6265	1.0000	1.0000	1.0000	1.0000	0.6251	1.0000	0.6161	0.5832	0.6209	0.5659	0.6362	0.5878	0.6362
0.5607	0.6251	0.6434	0.5903	0.5735	0.5735	0.5735	0.6251	0.6251	0.6251	0.6251	1.0000	0.6251	0.5801	0.5662	0.5836	0.5356	0.6262	0.5643	0.6262
0.6016	1.0000	0.5445	0.5694	0.6265	0.6265	0.6265	1.0000	1.0000	1.0000	1.0000	0.6251	1.0000	0.6161	0.5832	0.6209	0.5659	0.6362	0.5878	0.6362
0.5626	0.6161	0.5323	0.5355	0.6335	0.6335	0.6335	0.6161	0.6161	0.6161	0.6161	0.5801	0.6161	1.0000	0.5401	0.5445	0.5489	0.6355	0.5680	0.6355
0.5299	0.5832	0.5367	0.6169	0.5286	0.5286	0.5286	0.5832	0.5832	0.5832	0.5832	0.5662	0.5832	0.5401	1.0000	0.6200	0.5186	0.5966	0.5565	0.5966
0.5814	0.6209	0.5374	0.5963	0.5591	0.5591	0.5591	0.6209	0.6209	0.6209	0.6209	0.5836	0.6209	0.5445	0.6200	1.0000	0.5670	0.5716	0.6277	0.5716
0.5400	0.5659	0.5286	0.5338	0.5378	0.5378	0.5378	0.5659	0.5659	0.5659	0.5659	0.5356	0.5659	0.5489	0.5186	0.5670	1.0000	0.5551	0.5555	0.5551
0.5577	0.6362	0.5459	0.6155	0.5827	0.5827	0.5827	0.6362	0.6362	0.6362	0.6362	0.6262	0.6362	0.6355	0.5966	0.5716	0.5551	1.0000	0.5530	1.0000
0.5586	0.5878	0.5820	0.5772	0.5422	0.5422	0.5422	0.5878	0.5878	0.5878	0.5878	0.5643	0.5878	0.5680	0.5565	0.6277	0.5555	0.5530	1.0000	0.5530
0.5577	0.6362	0.5459	0.6155	0.5827	0.5827	0.5827	0.6362	0.6362	0.6362	0.6362	0.6262	0.6362	0.6355	0.5966	0.5716	0.5551	1.0000	0.5530	1.0000
