1.0189118 -0.0004257 -0.0084809 -0.0149443 -0.0049341 0.0142751 -0.0139533 -0.0071998 -0.0301470 -0.0169138 0.0076547 0.0027524 -0.0114185 0.0027800 -0.0093063 0.0061546 -0.0045272 -0.0051971 -0.0069256 0.0143753 -0.0212449 -0.0031217 -0.0127682 -0.0107674 -0.0046170 -0.0190129 -0.0218720 0.0052242 -0.0098189 -0.0064341 -0.0054745 -0.0081738 -0.0149041 -0.0014082 -0.0163120 0.0005907 0.0040924 0.0385749 -0.0027460 0.0127295 0.0044846 -0.0084351 -0.0055728 -0.0062938 -0.0093239 0.0081085 0.0046970 0.0041478 0.0065688 -0.0105671 -0.0032390 -0.0159108 0.0076843 0.0048061 -0.0061009 -0.0085142 -0.0041029 0.0002690 -0.0037269 0.0023529 -0.0080839 -0.0023213 -0.0054394 0.0094810 -0.0018414 0.0004947 0.0004353 -0.0191240 -0.0013988 -0.0235047 -0.0172172 0.0039104 -0.0100451 -0.0215441 -0.0215999 0.0136475 -0.0094991 -0.0132699 -0.0254933 -0.0155002 0.0058816 0.0049889 0.0051131 -0.0048635 -0.0011765 -0.0080752 0.0045730 -0.0027102 0.0026366 0.0047559 -0.0156465 0.0015979 0.0022059 0.0133491 -0.0130846 0.0054571 -0.0047268 0.0049658 -0.0063493 0.0034667 -0.0131876 0.0025404 0.0026174 -0.0112331 -0.0200887 -0.0118835 0.0000227 0.0030722 -0.0218742 0.0084800 -0.0069616 -0.0139559 -0.0046352 -0.0253140 0.0037447 0.0027681 -0.0070766 -0.0003157 -0.0243780 -0.0076973 0.0113161 -0.0064187 -0.0102529 0.0055046 -0.0203218 0.0138929 -0.0135877 -0.0044922 -0.0149395 -0.0020820 -0.0114744 -0.0270495 0.0113616 -0.0076788 0.0015474 0.0073269 -0.0080279 0.0170028 0.0032486 -0.0072777 0.0042646 0.0042242 -0.0019417 -0.0110459 -0.0002296 -0.0089446 -0.0208654 -0.0145075 0.0043408 -0.0080422 0.0014921 -0.0075134 0.0009296 -0.0013250 0.0076788 -0.0049403 -0.0109404 -0.0154613 -0.0096286 -0.0107229 -0.0003029 0.0011114 0.0002170 0.0148520 0.0088505 -0.0098232 0.0059967 -0.0043579 -0.0150208 -0.0099701 0.0042587 0.0173884 0.0008370 -0.0037632 -0.0040295 0.0084081 -0.0103623 -0.0146378 -0.0152515 -0.0024129 -0.0048589 0.0200895 -0.0011658 0.0016241 -0.0277604 -0.0047903 -0.0009715 0.0001132 -0.0071335 -0.0027342 -0.0058133 -0.0147758 -0.0090367 -0.0057526 -0.0117110 -0.0094162 -0.0063263 -0.0002561 0.0009008 -0.0074432 -0.0125999 0.0006420 -0.0023362
-0.0004257 1.0130500 0.0060174 0.0085926 -0.0068628 -0.0120004 -0.0075233 -0.0050571 -0.0118100 -0.0117453 -0.0080732 -0.0100501 -0.0195224 0.0099836 -0.0119390 -0.0082524 0.0066145 -0.0106219 0.0019514 -0.0142978 -0.0106358 -0.0078908 0.0043786 0.0008602 -0.0047666 -0.0165572 -0.0062009 -0.0029665 -0.0084609 0.0079277 0.0135940 0.0069325 -0.0056864 -0.0057888 -0.0143510 -0.0177716 -0.0304111 0.0015724 0.0082189 0.0173277 -0.0035839 0.0070670 0.0033781 -0.0114107 -0.0079402 -0.0092130 -0.0122434 0.0115754 -0.0076601 0.0213482 -0.0113605 -0.0115038 -0.0124073 -0.0055396 -0.0082172 -0.0161393 -0.0147765 0.0305062 0.0095940 -0.0126297 -0.0176402 0.0063069 -0.0010407 0.0073932 -0.0018763 -0.0058103 -0.0202745 0.0187464 -0.0052774 -0.0004235 0.0020238 0.0020668 -0.0031454 -0.0161959 0.0039607 -0.0365970 -0.0096458 -0.0051477 -0.0081534 -0.0056331 0.0046044 0.0024568 0.0098440 -0.0054478 0.0006753 0.0121207 0.0021290 0.0042353 -0.0290883 -0.0217989 -0.0018872 0.0108738 -0.0197418 0.0073984 -0.0106020 -0.0174411 -0.0167533 -0.0064337 -0.0108830 -0.0100559 -0.0047129 0.0054542 0.0085533 0.0104406 -0.0074895 -0.0133048 0.0025951 -0.0103163 -0.0207001 -0.0241811 -0.0123112 0.0068508 -0.0202708 -0.0153034 -0.0118964 -0.0080390 -0.0016070 -0.0286997 0.0016369 0.0025172 -0.0143375 -0.0005161 -0.0110317 0.0198797 -0.0043803 -0.0088238 -0.0110929 0.0058142 -0.0263432 -0.0065119 -0.0320955 0.0152872 -0.0096539 -0.0131587 -0.0062496 -0.0132518 -0.0126431 -0.0097772 0.0138244 -0.0053945 -0.0119240 -0.0196471 -0.0119711 -0.0061395 0.0144673 0.0011140 -0.0036741 -0.0179085 -0.0084325 0.0168200 -0.0096111 0.0098760 -0.0085572 0.0046609 0.0127019 -0.0176305 -0.0020823 -0.0048980 -0.0149242 0.0087027 0.0013474 -0.0116037 -0.0020563 -0.0078880 0.0073281 -0.0154367 -0.0030332 0.0130508 0.0031237 -0.0341858 -0.0106362 -0.0067961 -0.0209246 -0.0331484 -0.0104753 -0.0069549 -0.0008158 0.0005515 -0.0078309 0.0099886 0.0074841 -0.0061833 -0.0136417 0.0025147 -0.0119666 -0.0027637 0.0097214 0.0050592 -0.0129764 -0.0234053 0.0045931 -0.0000891 0.0251491 -0.0033936 -0.0068258 -0.0156292 0.0155591 0.0079393 -0.0112570 0.0069657 -0.0171493 -0.0115197 -0.0050094
-0.0084809 0.0060174 1.0622767 0.0020247 -0.0087265 -0.0043026 -0.0067016 0.0174523 -0.0107018 -0.0155676 -0.0016132 -0.0098484 0.0080565 -0.0246233 0.0003109 -0.0148117 -0.0010393 -0.0072604 0.0009134 -0.0027973 -0.0039639 -0.0200203 -0.0103692 -0.0040452 0.0160728 -0.0124365 -0.0017465 -0.0155178 0.0016808 -0.0213485 -0.0173461 -0.0124873 0.0036063 0.0027670 0.0185731 0.0127869 0.0042478 -0.0241198 -0.0070911 0.0019027 -0.0046032 -0.0019160 -0.0082571 0.0096550 -0.0172610 0.0061610 -0.0106055 0.0129661 -0.0258253 -0.0111222 0.0054049 -0.0033848 0.0126386 -0.0128698 -0.0083785 -0.0013029 0.0090314 -0.0061165 0.0108803 -0.0016154 -0.0098656 -0.0031816 0.0304268 -0.0170552 -0.0077986 -0.0054390 -0.0085406 -0.0133795 0.0163711 -0.0099839 -0.0029483 -0.0251532 -0.0049425 -0.0206607 0.0027866 -0.0264126 0.0092582 -0.0271778 0.0154900 -0.0153036 -0.0074311 -0.0258575 -0.0140156 -0.0183723 -0.0086299 -0.0222037 -0.0148819 -0.0003651 0.0105184 -0.0157267 -0.0101692 -0.0144323 -0.0024223 -0.0025512 -0.0225951 -0.0121545 -0.0223178 0.0064465 -0.0170425 -0.0038330 -0.0145042 0.0014294 -0.0001317 -0.0025142 -0.0175277 0.0217692 0.0168162 -0.0089032 -0.0058971 0.0071086 0.0026049 -0.0046036 -0.0120410 0.0017439 0.0022252 -0.0032505 -0.0141051 -0.0086650 -0.0162469 -0.0035786 -0.0043536 0.0076897 -0.0275004 -0.0119528 -0.0051218 0.0021792 0.0075785 0.0003627 -0.0012533 -0.0140691 0.0207841 -0.0004770 0.0068973 -0.0112378 -0.0049175 -0.0025537 0.0020765 -0.0250747 -0.0000363 -0.0053562 0.0038105 -0.0080232 0.0005613 0.0010229 -0.0054206 -0.0013918 -0.0025288 -0.0113736 -0.0028992 -0.0033119 0.0022515 0.0037800 -0.0083405 0.0064629 0.0106138 -0.0206771 -0.0005890 -0.0029089 0.0012423 -0.0128271 0.0145491 -0.0043821 0.0070365 0.0039432 -0.0047845 -0.0026887 -0.0048348 -0.0090400 -0.0118103 -0.0193452 0.0018159 -0.0206664 0.0072523 -0.0097247 -0.0250307 0.0052984 0.0009868 -0.0121269 0.0064554 -0.0258175 -0.0057178 -0.0180668 -0.0096427 0.0014278 -0.0126116 -0.0069123 0.0003692 -0.0169551 -0.0010249 -0.0182410 0.0033707 -0.0097645 -0.0105890 0.0060286 -0.0122593 -0.0013575 -0.0086837 -0.0162325 -0.0113355 -0.0153972 -0.0153272 -0.0130604 -0.0177516
-0.0149443 0.0085926 0.0020247 1.0580026 -0.0165842 -0.0188797 -0.0033435 -0.0245681 -0.0047383 0.0013224 -0.0004535 -0.0067998 -0.0122356 -0.0038501 -0.0172352 -0.0020424 -0.0033116 0.0094721 0.0000150 0.0064577 -0.0203999 -0.0300698 0.0128256 -0.0167699 -0.0149450 -0.0102868 -0.0137408 -0.0070830 -0.0207956 -0.0059902 -0.0143373 -0.0014135 -0.0033453 -0.0125954 0.0022999 -0.0119221 0.0035649 0.0118405 -0.0180189 -0.0182282 0.0211692 0.0061137 0.0056151 -0.0177371 0.0008420 -0.0110544 0.0107128 0.0140457 -0.0024019 0.0000559 -0.0237543 -0.0085213 0.0022744 0.0172447 0.0021772 -0.0120354 0.0071315 0.0029050 -0.0039165 0.0034534 -0.0152682 0.0109444 -0.0160639 -0.0134459 -0.0074872 -0.0054895 -0.0141391 -0.0011165 0.0083329 0.0127412 -0.0032922 0.0045899 -0.0088881 -0.0048490 0.0068165 -0.0075896 -0.0159701 -0.0218287 -0.0030721 -0.0082444 0.0044638 0.0057386 -0.0029111 -0.0099655 0.0031587 -0.0190259 -0.0093840 -0.0168442 0.0095502 0.0051602 -0.0125476 -0.0214886 -0.0165831 -0.0150141 -0.0163834 -0.0139212 -0.0022187 -0.0123146 -0.0059429 0.0047178 -0.0055349 -0.0278891 -0.0018993 -0.0077070 -0.0115084 -0.0062950 -0.0162446 -0.0195911 0.0104532 0.0009676 -0.0163105 0.0024593 -0.0170643 -0.0089900 -0.0032820 -0.0150782 0.0075259 0.0071331 -0.0189530 0.0191167 -0.0054823 0.0151705 -0.0243714 -0.0015906 -0.0245866 0.0334750 -0.0138441 0.0037927 -0.0033214 0.0069591 -0.0166174 -0.0168022 0.0083141 -0.0071054 -0.0107333 0.0071440 -0.0113352 -0.0051706 -0.0029008 0.0066436 -0.0088408 0.0235416 -0.0135960 0.0093676 -0.0062114 0.0033477 0.0022824 0.0008819 -0.0364861 0.0200624 -0.0094351 -0.0131234 -0.0057147 -0.0073085 -0.0091289 0.0132251 -0.0070472 0.0009584 -0.0005341 0.0057776 -0.0217493 -0.0012155 -0.0030613 0.0121656 -0.0029431 0.0017586 -0.0079949 -0.0076077 0.0014285 -0.0272897 0.0189838 0.0057147 -0.0101183 -0.0147015 -0.0202619 -0.0070025 0.0012070 0.0028360 0.0082386 -0.0234851 -0.0023307 -0.0013766 -0.0267777 0.0073729 0.0039915 -0.0069828 -0.0231422 -0.0073674 -0.0090574 -0.0016663 -0.0040227 -0.0026499 -0.0193365 0.0003269 -0.0069994 -0.0195619 -0.0254487 -0.0033795 -0.0189924 -0.0079525 -0.0147562 0.0023232 -0.0021850
-0.0049341 -0.0068628 -0.0087265 -0.0165842 1.0488874 0.0001541 -0.0196492 -0.0219164 -0.0055040 -0.0090696 0.0022092 0.0035545 0.0032977 0.0170342 -0.0054686 -0.0100448 0.0040211 0.0056322 -0.0219810 -0.0181197 -0.0117640 -0.0026880 -0.0001902 0.0009269 -0.0138046 -0.0088014 0.0015006 -0.0244207 0.0104962 -0.0307017 -0.0101025 -0.0011266 0.0023146 0.0012662 -0.0087782 0.0044847 -0.0114515 -0.0168549 -0.0034529 0.0223532 -0.0128241 0.0068145 -0.0006628 0.0017627 0.0044027 -0.0146657 0.0029981 -0.0074874 -0.0228748 -0.0052523 0.0074093 0.0080335 -0.0046802 0.0044199 -0.0085030 -0.0054052 -0.0012834 -0.0035151 -0.0030006 -0.0007182 0.0056653 -0.0109216 -0.0033235 0.0105433 0.0088496 -0.0028432 -0.0015276 -0.0215759 -0.0000645 0.0048914 -0.0102071 -0.0106337 0.0037434 -0.0145099 0.0020969 -0.0178298 -0.0100739 0.0053350 -0.0180581 -0.0133897 -0.0030045 -0.0232208 -0.0133144 -0.0034328 -0.0157961 -0.0030530 -0.0009888 -0.0147725 -0.0092278 0.0190143 -0.0056015 -0.0023151 -0.0133526 -0.0082317 0.0104727 0.0104266 -0.0040104 -0.0140517 -0.0211032 -0.0036288 -0.0088001 -0.0106534 -0.0137315 -0.0001381 -0.0153518 -0.0251491 -0.0078581 -0.0128957 -0.0080881 -0.0121685 0.0030483 -0.0216620 -0.0137752 0.0007185 0.0060259 -0.0021239 -0.0034065 -0.0009746 -0.0016541 -0.0068940 0.0049712 -0.0130959 -0.0115909 -0.0064923 -0.0035582 -0.0009843 -0.0187713 0.0082418 -0.0056983 -0.0028972 -0.0081449 -0.0013264 -0.0193186 0.0014865 0.0059609 -0.0051505 -0.0131741 -0.0248740 -0.0166801 -0.0078431 -0.0065923 -0.0215329 -0.0033753 -0.0083434 -0.0078876 -0.0042842 -0.0124018 -0.0032072 -0.0030443 -0.0289963 0.0117046 0.0146397 0.0025729 0.0031396 0.0038194 0.0106301 -0.0001449 -0.0170978 -0.0069071 -0.0000988 -0.0273193 0.0039583 -0.0001105 -0.0043520 -0.0051054 0.0197080 0.0091786 -0.0179487 -0.0184990 0.0260850 -0.0076335 0.0017054 -0.0108253 0.0031251 -0.0068378 -0.0115172 -0.0101454 0.0088125 0.0057627 -0.0111607 0.0064571 -0.0061729 0.0005307 0.0012103 -0.0216744 0.0063721 -0.0103152 0.0058826 -0.0079531 -0.0083863 0.0004495 -0.0026598 -0.0024611 -0.0020104 -0.0104380 -0.0030403 -0.0089938 -0.0193964 0.0077347 -0.0119955 -0.0166787 -0.0105662 -0.0021936
0.0142751 -0.0120004 -0.0043026 -0.0188797 0.0001541 1.0212928 -0.0006800 0.0000214 -0.0016137 0.0111215 -0.0091776 -0.0056853 -0.0107757 -0.0030019 -0.0109008 -0.0050878 -0.0067557 -0.0118662 -0.0218030 -0.0086388 0.0036431 0.0021712 -0.0099835 -0.0103666 -0.0087151 -0.0139350 -0.0208221 -0.0083608 -0.0119711 -0.0211387 0.0038839 -0.0138141 -0.0101649 -0.0077633 0.0091999 -0.0009836 0.0092257 0.0109756 0.0126952 -0.0026399 -0.0125577 0.0044638 0.0037851 -0.0197984 0.0041774 -0.0248100 -0.0027801 -0.0288902 -0.0191836 0.0039193 0.0042549 0.0028963 -0.0132397 0.0044480 -0.0250270 -0.0278589 -0.0304548 0.0048515 -0.0040678 0.0150710 -0.0145429 -0.0268400 0.0025061 -0.0094381 -0.0114610 -0.0103064 0.0018240 -0.0182648 0.0044261 -0.0162652 -0.0202634 0.0070964 0.0200487 0.0028642 -0.0038360 -0.0126401 0.0050804 0.0070623 -0.0058325 -0.0053190 0.0047326 -0.0104322 0.0092724 -0.0170550 0.0039343 -0.0186303 -0.0090922 0.0120873 0.0219630 0.0019033 -0.0060475 0.0005324 0.0040754 -0.0268700 -0.0105845 -0.0243316 0.0062900 0.0102682 0.0001878 -0.0059735 0.0017809 -0.0118265 -0.0007999 0.0062462 0.0009478 -0.0253067 -0.0137089 0.0059276 -0.0142204 -0.0125914 -0.0026869 -0.0041124 -0.0107811 -0.0085016 0.0064488 -0.0075459 0.0028947 0.0011760 0.0006060 0.0124224 0.0003392 -0.0192524 -0.0122636 -0.0280099 -0.0133598 0.0129168 0.0142749 -0.0067449 0.0022295 0.0100836 -0.0085070 -0.0009612 -0.0030158 -0.0045454 0.0090366 0.0094296 -0.0384156 -0.0023955 0.0030485 -0.0198413 0.0188144 -0.0055200 -0.0177583 0.0119599 -0.0247545 -0.0065754 0.0008997 -0.0119299 -0.0118190 -0.0040393 -0.0222889 -0.0169679 -0.0053527 -0.0023637 0.0038578 0.0076726 -0.0145965 0.0007618 -0.0116678 -0.0050698 -0.0134838 0.0016946 0.0094584 -0.0068935 0.0174518 -0.0017299 -0.0212252 -0.0080827 0.0146780 -0.0020908 0.0029864 0.0078390 -0.0069760 -0.0252118 -0.0094598 0.0008034 0.0039080 -0.0037940 -0.0112646 -0.0219449 -0.0114303 -0.0035690 -0.0082171 -0.0098531 -0.0102170 -0.0017577 0.0122764 -0.0057003 -0.0011894 -0.0064190 0.0144601 -0.0038196 -0.0088703 -0.0031639 -0.0253921 -0.0038035 -0.0173213 0.0052567 0.0052953 -0.0079096 -0.0180684 0.0050375 -0.0027230
-0.0139533 -0.0075233 -0.0067016 -0.0033435 -0.0196492 -0.0006800 1.0435224 0.0095953 -0.0124428 0.0203500 0.0000318 -0.0232816 -0.0223675 -0.0085114 -0.0075159 0.0054337 0.0094468 -0.0281702 -0.0008593 -0.0000017 0.0194016 -0.0124798 -0.0200136 -0.0109674 -0.0008063 -0.0131668 -0.0207517 0.0078991 0.0015924 -0.0094646 -0.0003867 -0.0114506 0.0020771 -0.0016500 0.0066792 0.0004225 -0.0044026 -0.0069882 0.0031265 -0.0051083 -0.0119047 -0.0257572 -0.0066087 -0.0016213 0.0250394 -0.0165384 0.0089218 -0.0201390 -0.0072976 -0.0111969 0.0096463 -0.0107307 -0.0092960 -0.0030116 0.0013461 -0.0001937 0.0082149 -0.0065532 -0.0149591 -0.0275037 -0.0091689 0.0061970 -0.0042654 -0.0051692 -0.0087777 -0.0023526 -0.0026822 0.0073698 -0.0187951 -0.0149092 0.0113520 -0.0020017 -0.0001185 -0.0043094 -0.0207676 0.0112280 -0.0215073 0.0036376 0.0191004 0.0232329 -0.0167319 -0.0160597 -0.0000043 0.0141511 -0.0060285 0.0032777 -0.0119642 -0.0096626 0.0024279 -0.0286040 0.0126968 -0.0112255 -0.0039517 0.0017996 0.0000292 -0.0079494 -0.0134723 -0.0052689 0.0181260 -0.0011913 -0.0013523 -0.0040302 -0.0075014 -0.0124713 0.0026370 -0.0209240 -0.0033851 -0.0325928 -0.0040488 -0.0205449 -0.0024557 0.0155167 -0.0145634 -0.0069866 -0.0158647 -0.0042572 0.0123004 -0.0201744 0.0165781 -0.0126847 -0.0074418 -0.0059503 -0.0036640 0.0106970 0.0042995 -0.0139609 -0.0072635 -0.0094330 -0.0071771 0.0050570 -0.0033791 -0.0252119 -0.0200887 0.0240584 -0.0070588 -0.0148073 -0.0145573 -0.0003429 -0.0088539 -0.0045564 0.0169038 0.0035672 -0.0135860 -0.0003464 -0.0134903 0.0090934 -0.0034191 -0.0039656 -0.0025115 -0.0225495 -0.0209479 -0.0132936 -0.0153304 0.0130023 -0.0067700 -0.0171746 0.0138799 -0.0049845 -0.0081269 0.0002669 0.0012433 -0.0171786 0.0005243 -0.0122424 0.0059420 0.0080068 -0.0075911 -0.0051014 -0.0145483 -0.0172879 -0.0061534 -0.0181832 0.0043911 -0.0062925 -0.0091170 -0.0090098 0.0018285 0.0078129 0.0084034 -0.0268633 -0.0093978 -0.0002526 -0.0355527 -0.0012032 0.0036737 -0.0066575 -0.0109885 -0.0264452 -0.0024444 0.0075707 0.0052741 -0.0247173 0.0032986 -0.0240816 0.0155497 -0.0090941 0.0023482 0.0000603 0.0065349 -0.0053845 0.0145583 0.0103519 -0.0074160
-0.0071998 -0.0050571 0.0174523 -0.0245681 -0.0219164 0.0000214 0.0095953 1.0435106 0.0049963 -0.0026902 0.0140530 0.0153510 0.0002223 0.0120863 -0.0198144 -0.0123555 -0.0083671 0.0104135 -0.0120618 -0.0066707 -0.0126305 -0.0274361 -0.0110831 0.0010737 -0.0098269 -0.0324012 -0.0051171 0.0103188 0.0019662 -0.0085512 0.0033760 0.0128172 -0.0042412 -0.0022353 0.0017389 -0.0008975 -0.0028754 -0.0098766 -0.0103986 0.0027240 -0.0011012 -0.0096884 -0.0070684 -0.0082638 -0.0031408 -0.0031575 0.0138097 -0.0256857 -0.0058700 -0.0094116 -0.0209940 0.0082827 -0.0114374 0.0072980 -0.0014644 0.0140017 -0.0101671 -0.0086585 0.0295356 0.0181251 -0.0032091 -0.0187575 -0.0189607 -0.0146836 -0.0079550 -0.0128350 -0.0139343 -0.0190393 -0.0222061 0.0085766 -0.0166231 -0.0152910 0.0087015 0.0079682 -0.0076726 -0.0218856 -0.0047347 -0.0165360 -0.0053166 -0.0089984 -0.0240932 -0.0004389 -0.0050833 0.0032489 -0.0030378 -0.0110729 0.0147645 0.0114894 0.0072441 -0.0048576 -0.0088495 -0.0011536 0.0009425 -0.0116395 -0.0133369 -0.0096702 -0.0075930 0.0089007 0.0024313 0.0066667 -0.0129763 -0.0018792 0.0059388 0.0350203 0.0040397 -0.0053825 0.0042737 -0.0184727 0.0076838 -0.0033910 -0.0102393 -0.0154521 -0.0105544 0.0116067 -0.0182797 -0.0193626 0.0026296 -0.0062047 0.0040569 -0.0114821 -0.0098495 -0.0163008 -0.0009999 -0.0124950 -0.0089053 0.0008174 -0.0149242 -0.0145096 0.0165746 -0.0071309 0.0161347 -0.0217992 -0.0025767 -0.0034258 -0.0167320 -0.0062873 -0.0142113 -0.0203253 -0.0013655 0.0010949 0.0050319 -0.0213894 0.0042580 -0.0123020 -0.0060529 -0.0029248 -0.0043273 0.0036512 0.0021136 -0.0238664 -0.0172767 -0.0026233 0.0140472 -0.0035056 -0.0188221 0.0021744 0.0024144 0.0007570 -0.0077134 0.0079589 -0.0052321 -0.0119381 -0.0124194 -0.0062149 -0.0237850 -0.0069585 0.0067173 -0.0021385 -0.0174391 -0.0057452 -0.0011910 -0.0046831 -0.0173675 -0.0133834 -0.0157257 -0.0089842 0.0001436 -0.0215248 0.0072247 -0.0118181 -0.0015796 -0.0105097 -0.0089125 0.0010931 0.0167843 -0.0090614 -0.0153866 0.0025644 -0.0234027 -0.0214261 -0.0055492 -0.0134588 0.0033344 -0.0131672 -0.0177247 -0.0242751 0.0054141 0.0057460 -0.0093587 0.0113482 0.0032074 0.0086041 -0.0015460
-0.0301470 -0.0118100 -0.0107018 -0.0047383 -0.0055040 -0.0016137 -0.0124428 0.0049963 1.0540173 -0.0134386 0.0025905 -0.0070012 0.0031170 -0.0123053 -0.0153736 -0.0049177 0.0025550 -0.0015173 0.0045819 -0.0096361 -0.0069331 0.0092148 -0.0086599 -0.0001693 -0.0106754 0.0034244 -0.0263471 -0.0019180 -0.0086732 -0.0259405 -0.0041652 0.0002801 0.0063908 -0.0033235 -0.0195184 -0.0040954 0.0042317 0.0072834 0.0002080 -0.0028105 -0.0103214 -0.0016115 -0.0121069 0.0045802 -0.0221036 -0.0027799 -0.0147699 -0.0178058 0.0011364 -0.0125347 0.0097739 -0.0011989 -0.0165619 -0.0047066 0.0162070 -0.0012991 -0.0262621 -0.0181072 -0.0078827 0.0067521 -0.0047387 -0.0165770 -0.0127658 -0.0029770 -0.0203779 -0.0181106 -0.0015622 -0.0130222 -0.0075450 0.0079814 -0.0017495 -0.0090004 -0.0047135 0.0096029 0.0011563 -0.0212162 -0.0082667 -0.0157159 0.0128880 0.0039245 -0.0011789 -0.0108521 -0.0022774 -0.0125121 -0.0063885 -0.0262187 0.0324732 -0.0042098 -0.0010229 -0.0211162 -0.0272377 0.0122463 0.0016103 -0.0071128 -0.0045527 -0.0151753 -0.0004374 -0.0075031 0.0096791 0.0014963 0.0001402 0.0103673 -0.0059446 -0.0209896 -0.0199762 -0.0272274 0.0002996 -0.0174623 -0.0075318 -0.0188166 -0.0042392 0.0151034 -0.0008785 -0.0136951 -0.0149381 0.0015316 -0.0011168 -0.0061711 0.0180787 -0.0063684 0.0089750 -0.0036597 -0.0075513 0.0220623 0.0118901 -0.0174177 -0.0335393 0.0036535 -0.0120083 -0.0153739 -0.0055102 0.0226519 -0.0091787 -0.0015940 -0.0116355 -0.0235960 0.0096674 -0.0186938 -0.0250291 -0.0156459 -0.0023349 0.0049857 -0.0080111 -0.0137798 -0.0070215 0.0062388 -0.0229159 -0.0283486 0.0259523 -0.0056808 -0.0009962 0.0020804 -0.0281906 -0.0034098 -0.0258779 -0.0124273 0.0146013 0.0095541 -0.0079428 -0.0062505 0.0071860 -0.0040189 -0.0128123 -0.0141206 -0.0049569 -0.0098992 -0.0076815 0.0165637 0.0004698 -0.0083169 -0.0025835 -0.0164533 -0.0028240 -0.0027644 0.0158855 -0.0000251 0.0101007 0.0042631 0.0049535 -0.0093435 -0.0026507 -0.0097344 -0.0020797 -0.0047872 -0.0090946 -0.0101542 -0.0243871 0.0064152 0.0118290 -0.0022501 -0.0185087 0.0058457 0.0132983 -0.0035571 -0.0091017 0.0099169 0.0227214 -0.0033155 -0.0134337 -0.0082231 0.0119738 -0.0143242 0.0020319
-0.0169138 -0.0117453 -0.0155676 0.0013224 -0.0090696 0.0111215 0.0203500 -0.0026902 -0.0134386 1.0339147 0.0008103 0.0100004 -0.0104293 -0.0248453 -0.0083363 -0.0142184 -0.0018998 -0.0172878 -0.0025354 -0.0058190 0.0102062 -0.0076644 -0.0014598 0.0034647 -0.0111429 0.0109807 -0.0047163 -0.0060002 -0.0069716 -0.0192368 -0.0260816 0.0089465 0.0123386 0.0008611 -0.0155853 0.0044237 0.0060428 0.0053688 -0.0119616 -0.0067080 -0.0201907 -0.0260237 -0.0052751 0.0045426 0.0040644 -0.0125796 0.0035790 -0.0025791 0.0152603 -0.0233016 -0.0174397 0.0074086 0.0114986 -0.0076964 0.0010312 -0.0087483 -0.0139398 -0.0138060 -0.0127459 -0.0047955 0.0008814 -0.0014537 -0.0002003 -0.0124472 -0.0131642 -0.0157621 -0.0090709 -0.0010513 -0.0142551 0.0033855 -0.0040873 -0.0035094 0.0020415 0.0035335 -0.0137513 -0.0140513 0.0010318 0.0098110 -0.0019101 0.0083131 -0.0279746 0.0035809 -0.0034576 -0.0185801 0.0181537 0.0106828 -0.0146538 0.0074007 -0.0191709 0.0063903 0.0130501 0.0022267 -0.0233832 0.0068185 -0.0028436 -0.0068693 0.0063850 0.0155367 -0.0113078 -0.0005165 -0.0064922 0.0074819 -0.0060148 -0.0171862 -0.0001460 -0.0087418 -0.0040686 -0.0177266 -0.0104635 -0.0087919 -0.0113348 -0.0097112 -0.0107979 0.0058445 -0.0048828 -0.0064777 -0.0024717 0.0121130 -0.0090796 0.0022946 -0.0090512 -0.0022697 0.0250026 -0.0045064 -0.0051758 -0.0159510 -0.0158479 0.0030414 0.0079590 -0.0146084 0.0095492 0.0146749 0.0048849 -0.0109997 -0.0122076 -0.0231896 -0.0062904 0.0120913 -0.0065243 -0.0073892 -0.0041659 0.0005077 -0.0025961 -0.0155137 -0.0166313 0.0074474 0.0033468 -0.0068140 -0.0084021 -0.0085613 -0.0161838 -0.0028148 0.0072595 -0.0084622 0.0078226 -0.0070044 0.0098564 -0.0016387 -0.0165324 -0.0021121 -0.0100317 0.0116891 -0.0145065 -0.0042560 0.0029829 0.0127995 -0.0090197 -0.0062081 -0.0238413 -0.0219615 -0.0111412 -0.0020204 -0.0060650 0.0002224 0.0042723 -0.0145866 0.0049987 -0.0094608 -0.0072504 -0.0166605 -0.0270718 0.0003650 -0.0002734 -0.0038804 0.0155756 -0.0108914 -0.0083756 -0.0248745 -0.0036303 -0.0074761 0.0004532 -0.0031976 -0.0023512 -0.0098137 0.0038411 -0.0108477 -0.0131927 0.0059016 -0.0016206 -0.0081438 -0.0063225 0.0026901 0.0004682
0.0076547 -0.0080732 -0.0016132 -0.0004535 0.0022092 -0.0091776 0.0000318 0.0140530 0.0025905 0.0008103 1.0355299 -0.0110147 -0.0043726 -0.0187226 -0.0208370 -0.0094399 0.0056524 0.0032324 0.0075013 -0.0031865 -0.0051332 -0.0071180 -0.0052973 0.0012795 -0.0152357 -0.0050404 0.0002145 -0.0260206 0.0006482 0.0009254 -0.0120582 -0.0109901 -0.0007297 0.0035162 0.0003569 0.0007371 -0.0046413 0.0109135 -0.0105726 0.0007593 -0.0096401 0.0159850 -0.0114633 -0.0009284 -0.0132075 0.0074010 0.0012861 -0.0090794 -0.0001872 -0.0009226 -0.0112169 -0.0047028 -0.0073670 -0.0252485 -0.0255497 0.0057573 0.0148502 -0.0168327 -0.0074305 0.0019454 -0.0174192 -0.0286680 -0.0051865 0.0025072 -0.0034326 0.0108267 0.0005787 0.0024025 -0.0206919 -0.0044372 -0.0215905 -0.0121606 -0.0047848 -0.0194829 -0.0014306 0.0049932 -0.0004068 -0.0027687 -0.0068351 0.0085721 0.0011644 0.0019086 -0.0050250 -0.0162472 0.0015029 0.0028609 -0.0122588 0.0079917 0.0009592 -0.0045462 0.0239260 -0.0315961 -0.0388353 0.0005797 0.0048526 -0.0210669 -0.0080361 -0.0055201 -0.0032975 -0.0060431 -0.0174414 0.0103069 -0.0186366 -0.0065272 0.0038186 0.0207105 0.0008279 -0.0243883 -0.0058167 0.0015418 -0.0072369 -0.0055276 -0.0033663 -0.0273729 0.0054647 -0.0109980 -0.0088001 -0.0219059 -0.0132545 -0.0073639 0.0073845 -0.0089212 -0.0009882 -0.0145940 -0.0047377 -0.0052245 0.0007007 -0.0084540 -0.0113364 -0.0216007 -0.0068943 -0.0096044 0.0265877 0.0088508 0.0030956 -0.0143382 -0.0005360 -0.0131292 -0.0130991 0.0097320 -0.0057137 -0.0030103 -0.0085888 -0.0035756 0.0057978 0.0049796 -0.0193873 0.0004535 -0.0153294 -0.0127995 -0.0185604 -0.0201662 -0.0106444 -0.0183354 -0.0161581 0.0149153 0.0023693 -0.0095896 0.0166323 0.0131938 -0.0008361 -0.0033916 -0.0015261 -0.0149657 0.0028218 0.0056625 0.0010330 -0.0012888 -0.0044415 -0.0030489 0.0032498 -0.0002103 0.0109100 -0.0045272 0.0062534 0.0025918 0.0024401 -0.0065922 0.0059605 -0.0166352 -0.0160751 0.0029499 0.0089321 -0.0046598 0.0115158 -0.0092214 -0.0056283 -0.0225942 -0.0047326 -0.0006695 0.0007508 -0.0008623 -0.0121849 -0.0073840 -0.0105715 0.0052960 0.0004656 -0.0044531 0.0059447 -0.0049696 -0.0035294 -0.0104655 -0.0004433
0.0027524 -0.0100501 -0.0098484 -0.0067998 0.0035545 -0.0056853 -0.0232816 0.0153510 -0.0070012 0.0100004 -0.0110147 1.0515569 -0.0166443 -0.0048991 -0.0193006 -0.0005521 0.0048340 0.0104999 -0.0090966 0.0058971 -0.0034240 -0.0018873 -0.0150251 -0.0054387 -0.0001321 -0.0070012 -0.0253376 0.0309584 -0.0165627 0.0021738 -0.0204372 -0.0167788 -0.0049584 -0.0160981 0.0130291 -0.0126461 0.0118950 -0.0177328 0.0032453 -0.0133761 -0.0012580 -0.0203789 -0.0184600 0.0060926 -0.0016900 -0.0140217 -0.0038558 -0.0104385 -0.0064858 -0.0007057 -0.0074377 -0.0112158 -0.0022802 -0.0024605 -0.0128371 -0.0032804 -0.0153378 -0.0116027 -0.0067625 0.0035102 -0.0026588 -0.0091312 -0.0080384 0.0099615 -0.0147994 -0.0109339 -0.0239883 0.0038695 -0.0025303 -0.0080855 -0.0132606 -0.0118535 -0.0247750 -0.0034763 -0.0258720 0.0094268 -0.0002238 0.0130047 -0.0174546 -0.0228317 -0.0003134 -0.0114476 -0.0281410 -0.0062948 -0.0118561 0.0064731 -0.0064154 0.0009729 -0.0041089 0.0172581 -0.0034088 0.0006503 -0.0168736 -0.0039685 -0.0164620 -0.0112706 -0.0087867 -0.0218968 -0.0335420 0.0020074 -0.0150824 0.0018090 0.0004037 0.0074768 -0.0064521 0.0095495 -0.0086826 -0.0129016 -0.0019911 0.0192183 -0.0033686 -0.0095415 0.0139348 -0.0036816 0.0027821 0.0066519 -0.0029292 -0.0024596 0.0033076 0.0061104 -0.0005787 -0.0156853 -0.0068927 -0.0026493 -0.0161581 0.0004856 0.0042385 0.0074622 -0.0009522 0.0187816 -0.0038153 0.0054391 -0.0092705 -0.0018297 0.0062750 0.0051059 -0.0029694 -0.0250142 0.0228503 -0.0138647 0.0087375 0.0250758 0.0119235 -0.0103677 0.0048410 -0.0062847 -0.0094979 -0.0138355 -0.0146110 0.0023405 -0.0215002 0.0171780 0.0087969 -0.0034623 -0.0090727 0.0070184 -0.0245269 0.0078587 -0.0150437 0.0051248 -0.0077585 0.0058483 -0.0131280 -0.0101766 -0.0180108 -0.0006713 0.0118475 -0.0115803 -0.0223108 0.0077206 -0.0250047 0.0052370 0.0006419 -0.0263741 -0.0200552 0.0010770 -0.0063708 -0.0157755 -0.0166716 -0.0228366 -0.0063376 -0.0105945 -0.0107942 -0.0095968 -0.0008009 0.0092569 0.0079614 -0.0094002 0.0065278 0.0044501 -0.0084618 -0.0146232 -0.0094128 -0.0179590 -0.0011459 -0.0048310 -0.0170914 -0.0033451 -0.0041295 -0.0113614 -0.0016026 -0.0033534 -0.0135692
-0.0114185 -0.0195224 0.0080565 -0.0122356 0.0032977 -0.0107757 -0.0223675 0.0002223 0.0031170 -0.0104293 -0.0043726 -0.0166443 1.0479196 -0.0132647 0.0060239 -0.0161427 -0.0105940 -0.0145664 -0.0148444 -0.0106640 -0.0136763 0.0030599 0.0110982 0.0072267 -0.0082220 -0.0036247 0.0013537 0.0057356 0.0015396 -0.0031484 0.0182794 -0.0111110 -0.0058820 0.0045273 -0.0141439 -0.0176935 -0.0189876 -0.0242759 -0.0040908 0.0038144 -0.0018658 -0.0156860 0.0087082 0.0194212 -0.0188420 -0.0199374 0.0120841 -0.0133899 -0.0249119 -0.0057247 -0.0113556 0.0025405 -0.0166642 0.0009853 -0.0035510 -0.0004254 -0.0037131 -0.0209861 -0.0126784 -0.0026156 0.0010873 -0.0221562 -0.0191904 0.0025530 0.0198862 0.0200020 -0.0143059 0.0019312 0.0127871 -0.0154518 -0.0069377 -0.0180031 0.0028657 0.0123578 -0.0062134 -0.0071809 -0.0265186 -0.0115054 -0.0000713 0.0090659 -0.0208341 0.0034553 -0.0133477 -0.0158668 -0.0042954 0.0092983 -0.0173757 0.0008230 -0.0159966 -0.0006373 -0.0012951 0.0013505 -0.0050473 -0.0100859 -0.0034335 -0.0059172 -0.0179531 0.0040455 -0.0181983 0.0186526 -0.0199935 -0.0138542 -0.0084689 -0.0204333 -0.0200948 -0.0043875 -0.0030082 -0.0213420 -0.0097874 0.0034424 -0.0024662 -0.0007103 0.0054064 -0.0006166 -0.0247663 -0.0093195 0.0069241 -0.0247677 0.0111107 -0.0036435 0.0014459 -0.0023880 -0.0134810 0.0013959 0.0044235 -0.0122568 0.0044664 -0.0124590 -0.0192232 -0.0014900 0.0053394 0.0004080 -0.0049701 -0.0142437 -0.0203248 -0.0196246 0.0070070 0.0013961 -0.0234207 -0.0002564 -0.0036574 0.0049730 0.0076864 -0.0214413 -0.0081988 -0.0042208 -0.0167837 0.0073883 0.0238240 -0.0258086 -0.0008581 0.0005418 -0.0001374 0.0176308 -0.0340664 0.0138204 0.0107375 -0.0197919 0.0000713 0.0057829 -0.0223934 0.0124989 -0.0122126 0.0002362 0.0186946 0.0088490 -0.0102098 -0.0005036 -0.0186796 -0.0137674 -0.0123893 -0.0108943 -0.0033737 0.0025825 -0.0005191 -0.0099385 -0.0017450 -0.0097344 -0.0158244 -0.0079963 -0.0164588 -0.0062523 0.0027670 -0.0089882 0.0123992 0.0179921 -0.0058832 0.0252108 0.0097210 0.0044684 -0.0164917 0.0012082 0.0109113 0.0034634 0.0072021 -0.0086764 -0.0109581 -0.0177670 -0.0161310 -0.0112682 -0.0156712 -0.0037935 0.0040152
0.0027800 0.0099836 -0.0246233 -0.0038501 0.0170342 -0.0030019 -0.0085114 0.0120863 -0.0123053 -0.0248453 -0.0187226 -0.0048991 -0.0132647 1.0650483 -0.0110171 -0.0110252 -0.0097870 -0.0128952 -0.0099026 0.0129314 -0.0087225 0.0015759 0.0053034 -0.0094803 -0.0263402 -0.0093429 -0.0086822 -0.0036963 0.0025952 -0.0150841 0.0230600 -0.0009211 -0.0133661 0.0049065 -0.0324688 0.0071225 -0.0011942 -0.0179514 0.0054004 -0.0151313 -0.0152586 0.0130212 -0.0022911 0.0037945 -0.0178826 0.0004206 -0.0129663 0.0051279 -0.0090533 -0.0076221 0.0077267 -0.0126937 -0.0043029 0.0082722 0.0017313 -0.0155574 -0.0068639 -0.0033114 0.0045514 -0.0252829 -0.0038165 0.0031911 -0.0190381 -0.0192790 -0.0136979 -0.0057499 -0.0082281 -0.0083179 -0.0035234 -0.0098369 -0.0005010 -0.0278386 -0.0052393 0.0042631 -0.0025521 0.0151782 -0.0004708 -0.0049081 -0.0195623 -0.0058869 0.0089964 -0.0061200 -0.0057063 -0.0021509 -0.0063333 -0.0044333 0.0024025 -0.0013762 -0.0245310 -0.0194575 0.0017742 0.0050721 -0.0102863 -0.0013023 0.0147652 0.0038553 -0.0003367 -0.0148824 -0.0107764 -0.0145053 -0.0242085 -0.0050119 0.0078527 -0.0074237 -0.0135574 -0.0227270 0.0038837 0.0057953 -0.0202756 -0.0143207 0.0034056 -0.0101712 0.0103212 -0.0180175 -0.0038226 0.0046239 0.0021701 -0.0213277 0.0158756 0.0024276 0.0044640 0.0020657 -0.0121339 0.0021256 0.0072233 0.0042412 -0.0121192 0.0057531 -0.0082842 -0.0030425 -0.0027106 -0.0048079 -0.0191336 -0.0019931 0.0029631 -0.0032012 0.0038139 -0.0202029 -0.0192771 -0.0102623 -0.0023049 -0.0013591 -0.0075670 -0.0098883 0.0053221 -0.0044619 -0.0076943 -0.0059573 -0.0046701 -0.0103815 -0.0038883 -0.0185033 0.0038558 -0.0128410 -0.0109701 -0.0122496 -0.0106961 -0.0091677 0.0003226 -0.0054186 0.0067308 0.0183175 -0.0071686 0.0092152 -0.0148677 -0.0080681 -0.0071242 -0.0133240 -0.0004700 -0.0063909 0.0029500 -0.0196504 -0.0073418 -0.0177221 -0.0092332 -0.0014446 -0.0061191 0.0029876 -0.0168624 0.0142872 0.0084804 0.0049151 0.0001708 0.0041599 -0.0111861 0.0110770 -0.0118585 0.0169493 0.0051790 0.0078064 0.0036700 -0.0125668 -0.0019158 -0.0195268 -0.0186778 -0.0228173 -0.0096501 0.0170558 -0.0108673 -0.0163991 -0.0128888 -0.0024575 0.0043551
-0.0093063 -0.0119390 0.0003109 -0.0172352 -0.0054686 -0.0109008 -0.0075159 -0.0198144 -0.0153736 -0.0083363 -0.0208370 -0.0193006 0.0060239 -0.0110171 1.0418025 0.0047512 0.0011675 0.0126089 -0.0064833 -0.0171919 -0.0064563 -0.0043555 0.0107114 0.0105775 -0.0049311 0.0156327 -0.0109436 0.0063516 -0.0032199 0.0145200 0.0069186 -0.0127778 0.0027822 0.0206489 -0.0151832 -0.0160104 -0.0133683 -0.0433348 -0.0161629 0.0019490 -0.0090804 -0.0176634 -0.0052779 -0.0063380 -0.0064622 -0.0067571 -0.0098451 0.0012797 -0.0120246 -0.0020902 -0.0103110 0.0037512 -0.0136238 -0.0101449 0.0063685 -0.0041836 -0.0137868 -0.0060365 0.0065752 -0.0106594 -0.0157425 0.0069219 -0.0210408 -0.0023580 -0.0134671 -0.0029319 -0.0072002 0.0021264 -0.0131862 -0.0011403 0.0104330 -0.0204535 -0.0023110 -0.0125249 -0.0074211 0.0122544 -0.0110800 -0.0027606 0.0009734 0.0040468 -0.0089041 -0.0078773 0.0092739 0.0000493 -0.0316071 0.0039065 -0.0016859 0.0000816 -0.0148892 -0.0011777 -0.0012910 0.0076601 0.0010523 -0.0123736 -0.0009994 -0.0138069 -0.0021052 -0.0122797 -0.0182278 0.0159544 0.0134535 -0.0080333 -0.0157551 -0.0085049 0.0060629 -0.0034034 -0.0159445 -0.0129437 -0.0041801 -0.0195311 -0.0026008 0.0034802 -0.0172679 0.0115180 -0.0030576 -0.0031443 0.0022281 -0.0030967 -0.0247188 -0.0321763 -0.0071750 0.0035642 -0.0126415 0.0006788 0.0109719 -0.0093581 -0.0091334 0.0032989 0.0096670 -0.0149457 -0.0002746 -0.0076199 -0.0033047 -0.0069980 0.0029050 -0.0056998 0.0008270 0.0008305 -0.0010093 -0.0027823 0.0028089 -0.0308487 -0.0134879 0.0120281 -0.0239421 0.0137967 -0.0004965 -0.0056170 -0.0016427 -0.0163657 -0.0052232 -0.0066749 -0.0089912 0.0052221 -0.0115598 -0.0126331 0.0063335 0.0069981 -0.0074947 -0.0066389 0.0032961 -0.0016787 0.0020806 -0.0012446 -0.0018813 -0.0091274 -0.0220856 -0.0007377 -0.0056366 -0.0113371 -0.0016734 -0.0045990 -0.0098670 0.0248969 -0.0171354 -0.0082330 -0.0035691 -0.0093716 -0.0075455 0.0110624 -0.0087828 0.0179996 0.0023189 -0.0163514 0.0001776 -0.0164312 0.0066142 0.0055126 0.0009070 -0.0027045 0.0020120 -0.0103486 -0.0113651 0.0045574 0.0082233 -0.0069723 0.0015147 -0.0133991 -0.0147294 -0.0134994 -0.0066731 -0.0108707 0.0053467
0.0061546 -0.0082524 -0.0148117 -0.0020424 -0.0100448 -0.0050878 0.0054337 -0.0123555 -0.0049177 -0.0142184 -0.0094399 -0.0005521 -0.0161427 -0.0110252 0.0047512 1.0425892 0.0031678 0.0061503 0.0068161 -0.0063719 -0.0119193 -0.0136377 -0.0072530 -0.0285235 -0.0069562 0.0037684 0.0032034 0.0063175 -0.0168732 0.0036196 0.0112745 -0.0060940 0.0021033 -0.0061777 -0.0023859 -0.0109639 -0.0106312 -0.0116823 -0.0149216 0.0040993 0.0035492 -0.0086008 -0.0098125 -0.0030651 0.0030579 -0.0045587 0.0030139 0.0025818 -0.0156869 -0.0040703 0.0005304 0.0067193 -0.0007914 -0.0196196 -0.0135473 0.0076470 -0.0032146 -0.0073774 -0.0070137 0.0033992 -0.0001517 0.0075826 0.0086988 0.0002132 -0.0033522 -0.0013679 0.0045796 -0.0122330 0.0049681 -0.0072066 0.0065506 -0.0098296 -0.0107835 -0.0130430 0.0014606 -0.0072867 -0.0162030 -0.0115928 0.0076228 -0.0106484 0.0119468 -0.0018971 -0.0006241 -0.0064476 -0.0146507 -0.0073917 0.0017683 -0.0120053 -0.0019142 0.0030376 -0.0055125 -0.0119349 0.0062750 0.0002076 -0.0150230 0.0095257 0.0052271 -0.0218283 -0.0095460 -0.0143465 -0.0226888 -0.0002659 -0.0084274 -0.0008359 -0.0121811 -0.0005532 -0.0024382 -0.0032361 -0.0057897 -0.0089270 0.0062295 -0.0089132 -0.0042664 -0.0146740 0.0030006 -0.0039897 0.0038472 -0.0061936 -0.0062149 -0.0077853 -0.0096038 -0.0017355 -0.0085467 0.0015178 -0.0170042 -0.0001719 -0.0001715 -0.0121019 -0.0078267 0.0261976 -0.0116135 -0.0137742 0.0141238 -0.0066231 0.0001190 0.0041156 -0.0209023 -0.0025984 -0.0090387 0.0001913 -0.0040834 0.0134639 -0.0007030 -0.0044680 -0.0029163 -0.0034505 -0.0152038 -0.0061076 -0.0171075 0.0050450 0.0124345 0.0003458 0.0015225 0.0121750 0.0080337 0.0117420 -0.0041287 -0.0153086 0.0009737 -0.0038152 -0.0188145 -0.0059579 0.0060537 0.0045798 -0.0082830 0.0080509 0.0036874 0.0032456 -0.0058240 -0.0194067 -0.0108357 0.0075057 -0.0146369 -0.0094238 -0.0059540 0.0002470 -0.0055450 -0.0052177 -0.0030216 0.0063652 -0.0006092 -0.0043083 -0.0106519 0.0026532 -0.0084276 -0.0170493 -0.0117778 0.0032794 -0.0120389 -0.0085856 -0.0039812 -0.0020387 0.0207159 -0.0035886 0.0101000 -0.0098345 0.0121657 -0.0170608 0.0005983 -0.0120456 -0.0003088 0.0084491 -0.0140102
-0.0045272 0.0066145 -0.0010393 -0.0033116 0.0040211 -0.0067557 0.0094468 -0.0083671 0.0025550 -0.0018998 0.0056524 0.0048340 -0.0105940 -0.0097870 0.0011675 0.0031678 1.0655292 -0.0027363 -0.0004419 -0.0002146 0.0184239 0.0037921 0.0049793 -0.0203314 -0.0210005 -0.0095194 -0.0098937 -0.0112855 -0.0020944 -0.0198683 -0.0027856 0.0028639 -0.0032940 0.0043437 0.0021542 -0.0017733 0.0108246 0.0066416 0.0084253 -0.0001419 -0.0021999 -0.0184441 -0.0176566 -0.0045033 -0.0027303 -0.0028681 -0.0031306 0.0071517 -0.0185027 0.0035134 0.0082981 -0.0043029 -0.0097586 -0.0096774 0.0022555 -0.0030484 -0.0245187 -0.0078613 0.0005774 0.0024683 -0.0062561 0.0132899 0.0154591 -0.0042159 -0.0134637 -0.0150263 0.0039194 -0.0011135 0.0040683 -0.0235526 0.0080246 -0.0035780 -0.0174865 0.0033269 -0.0256036 -0.0105498 -0.0167916 -0.0062869 -0.0190743 -0.0190820 -0.0276916 0.0088550 -0.0001295 0.0101331 0.0019225 -0.0077304 -0.0105051 -0.0012304 0.0026314 -0.0151424 0.0196089 -0.0012353 -0.0158416 0.0200678 0.0069446 0.0131547 -0.0145165 -0.0017658 0.0018278 -0.0182499 0.0109201 -0.0072083 -0.0165913 -0.0256783 0.0065128 -0.0045585 -0.0100271 -0.0155772 -0.0021397 -0.0147204 0.0119749 0.0056566 -0.0165483 -0.0141087 -0.0227050 -0.0232335 -0.0160728 0.0009247 -0.0213955 0.0019392 -0.0072708 -0.0113589 -0.0017534 0.0054511 -0.0040338 -0.0244332 -0.0023807 0.0044377 -0.0191923 -0.0071182 -0.0107015 -0.0062667 0.0051790 -0.0172812 -0.0072078 -0.0227787 -0.0073841 -0.0005329 -0.0170761 -0.0027902 -0.0101558 0.0019568 -0.0003083 -0.0047682 -0.0115224 0.0068707 -0.0187460 -0.0133455 -0.0063237 -0.0026618 0.0040023 0.0054329 -0.0080068 0.0128577 -0.0145734 -0.0114647 0.0184175 -0.0231756 0.0147126 -0.0092655 -0.0188844 -0.0360727 -0.0126114 -0.0113101 -0.0028913 -0.0048106 0.0051524 0.0046506 -0.0103992 -0.0106650 -0.0052704 -0.0010875 -0.0165696 -0.0158439 -0.0230634 -0.0016213 0.0108421 0.0002451 -0.0003481 -0.0099412 -0.0216054 0.0069561 -0.0213160 0.0039395 0.0008268 -0.0212036 -0.0119062 -0.0086710 -0.0100711 -0.0079300 -0.0043569 -0.0115262 -0.0072392 0.0101910 0.0075136 -0.0028377 0.0047009 -0.0073586 0.0147714 -0.0128488 0.0066242 -0.0002030 0.0054888
-0.0051971 -0.0106219 -0.0072604 0.0094721 0.0056322 -0.0118662 -0.0281702 0.0104135 -0.0015173 -0.0172878 0.0032324 0.0104999 -0.0145664 -0.0128952 0.0126089 0.0061503 -0.0027363 1.0767664 -0.0014944 -0.0037151 0.0044904 0.0011718 -0.0159560 -0.0124788 -0.0158150 0.0086781 -0.0001031 -0.0090575 0.0139586 -0.0127237 -0.0200529 -0.0041863 0.0088480 -0.0131325 -0.0019659 -0.0083162 -0.0134171 -0.0082794 -0.0002927 -0.0326014 -0.0064025 0.0135822 -0.0024180 0.0157118 -0.0034136 0.0012695 0.0018457 -0.0170965 -0.0133624 -0.0184149 -0.0090696 -0.0146649 -0.0095886 -0.0156833 0.0065402 -0.0022910 -0.0097041 0.0053982 0.0032110 -0.0016022 -0.0167726 -0.0046924 -0.0079475 -0.0066606 -0.0074503 -0.0145441 -0.0039972 -0.0044060 -0.0061660 0.0142126 0.0116270 -0.0055476 0.0061632 0.0124807 0.0077554 -0.0114093 0.0148948 -0.0193698 -0.0002204 0.0142354 -0.0133654 -0.0155611 0.0016781 0.0000065 -0.0118559 -0.0080836 0.0023482 -0.0026210 0.0163739 -0.0020878 0.0075038 -0.0235323 0.0175497 0.0124480 -0.0044432 -0.0040207 -0.0279055 -0.0053973 -0.0213663 -0.0030596 -0.0060012 -0.0288006 -0.0035420 -0.0091259 -0.0093417 0.0113588 -0.0032953 -0.0164197 0.0097107 0.0011892 -0.0181601 -0.0032918 0.0171894 -0.0004246 -0.0030286 0.0059216 0.0028608 0.0192429 -0.0213923 -0.0020073 -0.0133548 -0.0060641 0.0206666 0.0038272 -0.0117563 -0.0072608 -0.0336756 -0.0040791 -0.0134491 -0.0034468 -0.0058537 -0.0128424 0.0054120 -0.0259016 -0.0106310 -0.0070734 -0.0320696 -0.0178523 -0.0052243 -0.0232575 -0.0114402 0.0182860 -0.0028723 -0.0118493 -0.0018940 -0.0063218 -0.0059887 -0.0072001 -0.0223573 -0.0000334 -0.0149799 -0.0194065 -0.0299766 -0.0109586 -0.0228089 0.0026099 0.0047113 -0.0110538 0.0031143 -0.0032702 0.0003698 -0.0160734 -0.0049502 -0.0016561 -0.0055067 -0.0085506 -0.0052355 -0.0059760 -0.0194385 -0.0080719 -0.0219980 0.0002250 0.0124235 -0.0060724 -0.0141023 -0.0138132 -0.0053731 -0.0103191 -0.0175202 0.0042817 0.0054844 0.0044033 -0.0011917 -0.0088077 0.0039015 0.0145633 -0.0121308 0.0030986 -0.0050709 0.0041093 -0.0212700 0.0106196 -0.0098036 -0.0085246 -0.0107090 -0.0032556 -0.0154327 -0.0202051 -0.0033590 -0.0016412 -0.0007013 -0.0048103 -0.0145992
