0.000000	0.271112	0.270815	0.269645	0.273340	0.267886	0.275038	0.277864	0.276114	0.271959	0.274960	0.280131	0.280408	0.272363	0.272279	0.269762	0.272590	0.273361	0.272060	0.274369	0.267472	0.271456	0.280003	0.271752	0.271727	0.274930	0.275088	0.276550	0.271798	0.276833	0.276141	0.271509	0.273834	0.270579	0.273501	0.271312	0.280154	0.270334	0.275142	0.273840	0.277280	0.270136	0.271841	0.269864	0.266352	0.269290	0.274745	0.274232	0.282167	0.272739	0.277867	0.269626	0.269423	0.268473	0.265854	0.276214	0.273046	0.271927	0.274729	0.277476	0.275604	0.274075	0.269655	0.269167	0.272002	0.269019	0.274359	0.277960	0.272836	0.281388	0.273691	0.275374	0.274342	0.274080	0.274798	0.272187	0.275839	0.276943	0.268965	0.272287	0.277453	0.275708	0.269162	0.273621	0.278879	0.277700	0.272129	0.273504	0.265019	0.270945	0.273071	0.274757	0.272927	0.269279	0.269589	0.276199	0.268588	0.277861	0.276375	0.279201	0.270134	0.271724	0.273446	0.273708	0.269859	0.274661	0.272160	0.275456	0.271017	0.271495	0.276356	0.274489	0.267532	0.268127	0.269952	0.273197	0.269830	0.276331	0.274138	0.269543	0.276780	0.272034	0.276290	0.269914	0.276780	0.270416	0.272935	0.270851	0.268646	0.277071	0.274003	0.279618	0.265827	0.270322	0.275825	0.279963	0.272923	0.275372	0.274080	0.272933	0.271572	0.269984	0.273446	0.272618	0.271712	0.273341	0.272245	0.272959	0.273829	0.272164	0.269978	0.272515	0.277209	0.275246	0.276413	0.279308	0.272702	0.272903	0.272093	0.269489	0.273636	0.276664	0.273366	0.274186	0.271493	0.280956	0.273340	0.278711	0.272238	0.273804	0.269622	0.273509	0.269410	0.270713	0.274619	0.270876	0.269800	0.272836	0.269845	0.270162	0.269443	0.268163	0.278381	0.271332	0.271088	0.276341	0.268612	0.274987	0.277002	0.274821	0.274124	0.268507	0.275764	0.271342	0.264184	0.278773	0.279837	0.276967	0.274600	0.273529	0.269662	0.281502	0.277318	0.278439	0.273274	0.274972	0.274699	0.271497	0.273877	0.274820	0.272084	0.271139	0.274421	0.272394	0.274586	0.267710	0.270846	0.270399	0.270196	
0.271112	0.000000	0.262400	0.265791	0.266622	0.263932	0.268771	0.272364	0.266369	0.261808	0.267491	0.271532	0.270769	0.270058	0.265030	0.264671	0.267891	0.275042	0.267117	0.274388	0.269253	0.273614	0.271973	0.272045	0.263340	0.266907	0.268003	0.268658	0.271377	0.269143	0.271195	0.271508	0.267662	0.268900	0.265588	0.268868	0.274349	0.266754	0.270140	0.271464	0.278890	0.267016	0.267842	0.267693	0.263866	0.262632	0.269913	0.270975	0.276841	0.266765	0.267788	0.272149	0.268604	0.269424	0.265831	0.267391	0.269501	0.268839	0.269892	0.270151	0.272202	0.267837	0.270012	0.261278	0.265274	0.266236	0.273880	0.272612	0.265984	0.268607	0.270133	0.267312	0.267506	0.272711	0.262425	0.270379	0.269199	0.267685	0.264536	0.269273	0.267017	0.267956	0.272475	0.272340	0.265938	0.269387	0.268008	0.267684	0.265613	0.264794	0.272224	0.269340	0.265160	0.267380	0.263656	0.271217	0.270450	0.270915	0.263661	0.273478	0.260602	0.268612	0.271632	0.270183	0.265827	0.270971	0.270817	0.265098	0.267300	0.268167	0.270723	0.268709	0.263548	0.265528	0.268635	0.269394	0.266785	0.267831	0.271219	0.270560	0.267480	0.271362	0.268952	0.263276	0.277298	0.262692	0.267719	0.267504	0.266326	0.268633	0.267973	0.265597	0.269312	0.268585	0.274377	0.274898	0.265878	0.268079	0.266317	0.268365	0.269055	0.268105	0.272845	0.271743	0.266534	0.267086	0.272269	0.269573	0.268931	0.264037	0.266636	0.265961	0.272632	0.264623	0.269553	0.263458	0.273957	0.272580	0.265320	0.263453	0.265599	0.269135	0.269427	0.267134	0.269301	0.286807	0.267132	0.285251	0.267531	0.270303	0.264721	0.267987	0.272751	0.267032	0.271081	0.264730	0.268095	0.266195	0.268302	0.262233	0.269301	0.264064	0.275952	0.274782	0.270039	0.273902	0.264372	0.269199	0.267110	0.269991	0.271425	0.266192	0.262915	0.270533	0.266156	0.268573	0.275430	0.266680	0.269552	0.269233	0.268133	0.274472	0.271405	0.274181	0.268348	0.270878	0.265201	0.270166	0.271172	0.272138	0.264418	0.262994	0.274195	0.278818	0.273150	0.266621	0.270418	0.269369	0.268082	
0.270815	0.262400	0.000000	0.269147	0.272010	0.270093	0.272524	0.274221	0.262672	0.265635	0.269926	0.274897	0.270558	0.271197	0.265060	0.272309	0.268573	0.278155	0.270595	0.270384	0.270349	0.272003	0.270870	0.273215	0.268385	0.270169	0.271262	0.270498	0.272543	0.275858	0.269945	0.274373	0.269981	0.271240	0.270871	0.275071	0.269331	0.265746	0.264381	0.272159	0.272166	0.275750	0.273645	0.268666	0.267260	0.265967	0.275439	0.274681	0.280432	0.265198	0.272300	0.272251	0.271455	0.266328	0.276061	0.273402	0.269580	0.263602	0.270480	0.276642	0.269467	0.264155	0.267226	0.269318	0.267913	0.269145	0.271552	0.269956	0.272364	0.268535	0.273077	0.269734	0.272163	0.268741	0.271297	0.270650	0.272449	0.266773	0.271400	0.270650	0.269613	0.265163	0.272306	0.271408	0.273114	0.267396	0.270699	0.269763	0.268536	0.271755	0.270015	0.271975	0.270349	0.272454	0.267347	0.271233	0.269208	0.272762	0.274288	0.277896	0.268003	0.269829	0.270885	0.274750	0.268172	0.270540	0.267276	0.268108	0.272357	0.269977	0.274075	0.269223	0.259022	0.266311	0.266572	0.268403	0.269503	0.269554	0.273840	0.273917	0.271159	0.266129	0.275922	0.270516	0.278972	0.267719	0.266766	0.270079	0.263464	0.272082	0.273873	0.271489	0.270483	0.269743	0.274178	0.274391	0.275416	0.266923	0.261436	0.267984	0.268307	0.267847	0.272732	0.272180	0.272223	0.275462	0.266343	0.271215	0.271982	0.264368	0.263575	0.268814	0.274970	0.266002	0.269461	0.268765	0.276793	0.272577	0.267367	0.265899	0.269371	0.271681	0.270754	0.270948	0.271585	0.275257	0.270553	0.283331	0.270091	0.272150	0.266559	0.271986	0.269910	0.274956	0.270850	0.268815	0.273725	0.266600	0.269515	0.265870	0.272328	0.267066	0.274874	0.271104	0.277044	0.270495	0.267352	0.271871	0.267091	0.264289	0.269422	0.270824	0.272384	0.273636	0.262528	0.272372	0.268753	0.268835	0.270376	0.271379	0.274214	0.273589	0.270001	0.279409	0.270835	0.270720	0.271076	0.274382	0.270346	0.269918	0.270307	0.266392	0.277717	0.278987	0.281485	0.271614	0.270711	0.276668	0.268674	
0.269645	0.265791	0.269147	0.000000	0.270309	0.268010	0.273815	0.272457	0.270226	0.128262	0.271428	0.271293	0.266759	0.268959	0.267919	0.270187	0.271158	0.270483	0.271320	0.270697	0.271175	0.269175	0.276044	0.279852	0.266333	0.274598	0.274714	0.271199	0.267146	0.275400	0.271938	0.277494	0.279030	0.272920	0.269002	0.266648	0.268758	0.271115	0.272013	0.272932	0.275665	0.268118	0.268481	0.268470	0.265476	0.266822	0.269844	0.273547	0.279138	0.269363	0.271318	0.271893	0.265703	0.263943	0.268180	0.275314	0.271428	0.266006	0.271432	0.272363	0.272324	0.268805	0.268751	0.269366	0.270033	0.270104	0.275773	0.272570	0.267875	0.276870	0.273197	0.265369	0.273228	0.270931	0.271565	0.267328	0.267606	0.270242	0.266129	0.269533	0.266323	0.268898	0.269027	0.271414	0.274673	0.271163	0.269714	0.270992	0.266718	0.267587	0.273383	0.268927	0.266540	0.268324	0.266930	0.270745	0.264305	0.273157	0.271011	0.275811	0.274038	0.269256	0.274042	0.271886	0.273068	0.271596	0.270123	0.272879	0.275395	0.269511	0.278951	0.268983	0.266428	0.271277	0.270582	0.268347	0.267652	0.270790	0.273756	0.269843	0.273955	0.268097	0.275489	0.268423	0.272383	0.268657	0.266829	0.269531	0.266517	0.271713	0.274025	0.276797	0.265915	0.274077	0.277657	0.269174	0.270896	0.271736	0.269546	0.265336	0.270487	0.272334	0.267730	0.275711	0.271429	0.269004	0.269312	0.271831	0.269151	0.269180	0.263510	0.270929	0.266617	0.265317	0.268079	0.271515	0.267758	0.272996	0.265721	0.265337	0.270575	0.270873	0.271896	0.276613	0.268696	0.283206	0.271246	0.275330	0.268414	0.274319	0.268913	0.273490	0.271604	0.272185	0.271706	0.268864	0.270736	0.267705	0.272237	0.260412	0.268134	0.266331	0.277729	0.274854	0.269992	0.274069	0.270846	0.271063	0.268850	0.265410	0.272636	0.273102	0.273756	0.273834	0.272088	0.268505	0.269318	0.271471	0.275911	0.271700	0.274204	0.272814	0.275862	0.282345	0.273645	0.268767	0.271678	0.272781	0.273472	0.270627	0.276813	0.268308	0.276104	0.278202	0.281834	0.272350	0.273002	0.271640	0.270970	
0.273340	0.266622	0.272010	0.270309	0.000000	0.268765	0.272992	0.274298	0.273684	0.266349	0.273341	0.267353	0.272457	0.272378	0.269247	0.268373	0.268533	0.276972	0.273434	0.273880	0.274984	0.273409	0.274826	0.269420	0.267551	0.273371	0.272956	0.271911	0.275422	0.274242	0.269712	0.271342	0.270164	0.278751	0.272357	0.271797	0.270433	0.268095	0.272154	0.274645	0.276606	0.277306	0.272789	0.269441	0.273709	0.262896	0.273338	0.274730	0.280350	0.266194	0.272240	0.272654	0.266485	0.273426	0.272086	0.273276	0.272023	0.265150	0.271897	0.273535	0.274667	0.268987	0.271094	0.274831	0.267843	0.273415	0.272284	0.270660	0.270009	0.274672	0.274956	0.265527	0.270844	0.269189	0.273618	0.273909	0.269467	0.271377	0.269241	0.267180	0.268932	0.270922	0.272301	0.271994	0.271452	0.270264	0.267835	0.271750	0.272796	0.270535	0.272420	0.276987	0.272105	0.268442	0.271467	0.271688	0.266649	0.273069	0.269806	0.277868	0.274582	0.272757	0.268384	0.269542	0.273847	0.273847	0.271390	0.268426	0.269049	0.271627	0.271991	0.271557	0.275012	0.270373	0.272474	0.268472	0.275942	0.275038	0.277784	0.274146	0.268880	0.272036	0.277923	0.269174	0.275227	0.270555	0.269723	0.269101	0.269852	0.270905	0.271519	0.274392	0.273250	0.274342	0.273802	0.275468	0.274229	0.269258	0.271141	0.277048	0.270138	0.268002	0.272817	0.274242	0.276828	0.275839	0.269582	0.269324	0.270589	0.265882	0.265556	0.273358	0.276624	0.273265	0.271939	0.273863	0.273927	0.264663	0.274463	0.264441	0.268776	0.271511	0.271810	0.276499	0.270785	0.283422	0.271303	0.286185	0.269342	0.280835	0.268138	0.268575	0.274559	0.274009	0.266925	0.269235	0.272535	0.275329	0.259646	0.272034	0.272771	0.269968	0.275083	0.272861	0.272764	0.275292	0.270629	0.267711	0.274086	0.267409	0.274686	0.267981	0.267450	0.271634	0.261057	0.269170	0.273832	0.269545	0.279195	0.268352	0.277401	0.269116	0.272883	0.271585	0.267707	0.269991	0.271079	0.273920	0.269734	0.272879	0.273082	0.268955	0.270791	0.276834	0.280962	0.270417	0.272902	0.278427	0.269635	
0.267886	0.263932	0.270093	0.268010	0.268765	0.000000	0.270392	0.273014	0.269120	0.268996	0.270645	0.268634	0.272307	0.268941	0.266764	0.270181	0.271868	0.273199	0.270815	0.273804	0.270115	0.271025	0.266723	0.268401	0.264162	0.267847	0.269995	0.271454	0.264514	0.271201	0.271704	0.272141	0.271480	0.269962	0.265564	0.269339	0.274100	0.272659	0.269355	0.266376	0.268167	0.265856	0.266353	0.266861	0.265194	0.260728	0.265862	0.269222	0.274532	0.269268	0.271244	0.271229	0.266372	0.276871	0.271260	0.269029	0.270197	0.261367	0.272791	0.271251	0.272930	0.271307	0.275478	0.264483	0.269794	0.271672	0.269019	0.276372	0.272154	0.269758	0.273521	0.274008	0.273272	0.266542	0.272802	0.272820	0.270399	0.273105	0.266648	0.261456	0.264847	0.271694	0.268943	0.268373	0.269302	0.268144	0.269801	0.266123	0.266184	0.268972	0.272350	0.273055	0.273992	0.267122	0.262458	0.265028	0.266670	0.268838	0.270034	0.270668	0.273222	0.265901	0.272515	0.270234	0.263281	0.268464	0.271965	0.265943	0.268305	0.271495	0.274152	0.266216	0.268416	0.266219	0.269048	0.268094	0.271731	0.267804	0.271814	0.270016	0.273643	0.266152	0.272089	0.265489	0.268624	0.260670	0.264335	0.264415	0.268006	0.267889	0.273743	0.271551	0.271752	0.264025	0.279032	0.266490	0.270022	0.268076	0.264844	0.270142	0.272496	0.266304	0.267637	0.275208	0.267990	0.270182	0.273666	0.260242	0.268293	0.272902	0.261263	0.270388	0.278511	0.265925	0.271617	0.270233	0.273736	0.273286	0.268300	0.265113	0.272646	0.268506	0.270465	0.273135	0.265897	0.275942	0.267352	0.280679	0.265147	0.272622	0.267319	0.268279	0.275709	0.272164	0.268256	0.269231	0.267547	0.267227	0.264091	0.259965	0.268327	0.265396	0.278059	0.271651	0.273478	0.275463	0.270193	0.272721	0.268417	0.267519	0.272766	0.269873	0.267051	0.268411	0.267100	0.268178	0.268354	0.270189	0.270059	0.270077	0.266169	0.277249	0.274314	0.275215	0.266609	0.269498	0.271920	0.267676	0.274215	0.270173	0.272575	0.267257	0.273995	0.270965	0.275684	0.272663	0.273791	0.270011	0.270036	
0.275038	0.268771	0.272524	0.273815	0.272992	0.270392	0.000000	0.276833	0.267861	0.273656	0.273354	0.274489	0.275985	0.271442	0.269835	0.272951	0.268841	0.284213	0.276761	0.273976	0.274804	0.275556	0.278173	0.271739	0.269276	0.128104	0.135124	0.131203	0.272028	0.276643	0.275348	0.276963	0.269459	0.271831	0.270230	0.273795	0.273774	0.269785	0.268414	0.276695	0.277013	0.273254	0.271400	0.272912	0.270674	0.269366	0.272706	0.274891	0.280486	0.267209	0.274886	0.271824	0.272009	0.275461	0.268836	0.273133	0.276884	0.266046	0.278385	0.284231	0.277796	0.274821	0.274152	0.273110	0.270678	0.273919	0.270545	0.278587	0.270997	0.281793	0.276388	0.269890	0.272539	0.273367	0.271323	0.277503	0.271201	0.267186	0.271893	0.266778	0.271182	0.271817	0.275864	0.268707	0.271588	0.269272	0.267151	0.278549	0.268897	0.271275	0.267921	0.276380	0.270096	0.270076	0.266774	0.272654	0.271687	0.270455	0.273675	0.281599	0.272711	0.273443	0.271022	0.275103	0.278199	0.271710	0.278535	0.277524	0.273977	0.273429	0.276061	0.274394	0.267557	0.271100	0.269527	0.275854	0.276280	0.274560	0.274247	0.273775	0.272427	0.268436	0.276466	0.274793	0.281219	0.268632	0.269051	0.270389	0.271556	0.268893	0.276375	0.270200	0.276224	0.268422	0.282712	0.275048	0.276188	0.274750	0.269670	0.270015	0.273815	0.271047	0.273960	0.274988	0.275780	0.276204	0.267341	0.270034	0.278117	0.266956	0.268187	0.273749	0.271634	0.271563	0.268619	0.269021	0.274076	0.270969	0.273020	0.265904	0.272916	0.269057	0.273622	0.275080	0.273755	0.265847	0.273677	0.291023	0.272806	0.274254	0.271588	0.274713	0.272928	0.272433	0.271818	0.271428	0.268914	0.271842	0.270819	0.269698	0.273605	0.268088	0.274712	0.275964	0.273484	0.280876	0.274521	0.275387	0.273826	0.271536	0.274246	0.275872	0.274123	0.277385	0.267908	0.275595	0.277877	0.273255	0.278587	0.271173	0.273372	0.274068	0.275388	0.266582	0.279266	0.267748	0.271676	0.272478	0.275598	0.270595	0.277935	0.273139	0.276992	0.279099	0.279268	0.270662	0.274690	0.271292	0.266552	
0.277864	0.272364	0.274221	0.272457	0.274298	0.273014	0.276833	0.000000	0.266023	0.271306	0.273243	0.270629	0.273735	0.273602	0.273439	0.272782	0.269930	0.276445	0.273246	0.281489	0.275149	0.272180	0.272612	0.276587	0.271415	0.278948	0.284097	0.279432	0.272313	0.276570	0.276614	0.272635	0.277104	0.270500	0.270621	0.272696	0.279701	0.269646	0.269219	0.274706	0.276441	0.275443	0.270620	0.274783	0.271641	0.271610	0.273723	0.275412	0.279001	0.268137	0.269446	0.277387	0.266584	0.272310	0.275047	0.280490	0.274484	0.265861	0.275906	0.282857	0.275200	0.271739	0.270313	0.272825	0.277358	0.273547	0.281583	0.276566	0.267429	0.279574	0.274953	0.269787	0.276953	0.274323	0.272307	0.276353	0.275724	0.272202	0.267731	0.269937	0.271334	0.278532	0.268494	0.280484	0.271332	0.267333	0.264701	0.274650	0.271481	0.271185	0.270921	0.275833	0.269518	0.269754	0.268773	0.271964	0.271915	0.273407	0.270411	0.277127	0.273443	0.270524	0.273395	0.276450	0.269316	0.269750	0.276717	0.267799	0.273002	0.274887	0.277996	0.271433	0.276192	0.268594	0.277285	0.272311	0.273192	0.274864	0.278554	0.274548	0.269403	0.271737	0.272989	0.270037	0.277775	0.269263	0.276602	0.271915	0.273396	0.273297	0.276092	0.272681	0.276072	0.274331	0.280039	0.276460	0.272273	0.272974	0.274583	0.269829	0.269608	0.269380	0.274547	0.275881	0.274283	0.275357	0.274340	0.268350	0.270542	0.270375	0.267225	0.274890	0.284239	0.271054	0.272140	0.280126	0.276481	0.273040	0.272231	0.269991	0.272491	0.273918	0.275627	0.275565	0.272029	0.297619	0.270816	0.279592	0.269596	0.272622	0.270768	0.276476	0.277737	0.272768	0.270656	0.271779	0.275721	0.270470	0.272410	0.267309	0.272113	0.275555	0.278008	0.275395	0.277432	0.277034	0.273021	0.274231	0.273960	0.268177	0.275540	0.272187	0.274202	0.272414	0.275898	0.273269	0.272338	0.270329	0.278557	0.278758	0.275910	0.277485	0.274032	0.283104	0.275744	0.276006	0.272188	0.278991	0.271085	0.275466	0.272614	0.268989	0.276212	0.273234	0.284205	0.275980	0.269473	0.269980	0.273578	
0.276114	0.266369	0.262672	0.270226	0.273684	0.269120	0.267861	0.266023	0.000000	0.269895	0.266418	0.269754	0.268816	0.265616	0.264828	0.268458	0.267583	0.281414	0.271795	0.271542	0.269279	0.272283	0.277132	0.274252	0.268644	0.269918	0.268793	0.270936	0.271348	0.276980	0.269853	0.270938	0.268799	0.270674	0.265951	0.268697	0.271517	0.267470	0.265960	0.268415	0.273153	0.272040	0.267727	0.271994	0.268482	0.266747	0.275214	0.274162	0.278447	0.268286	0.267549	0.268084	0.264852	0.272623	0.265700	0.277515	0.272797	0.261562	0.272596	0.271354	0.273127	0.267504	0.265852	0.271436	0.258640	0.269120	0.268750	0.272755	0.272466	0.280567	0.272797	0.269839	0.274046	0.271301	0.271690	0.274456	0.268714	0.270358	0.270523	0.264580	0.264915	0.268688	0.273918	0.270328	0.273331	0.267632	0.266583	0.274148	0.267297	0.270780	0.269839	0.272649	0.271206	0.265742	0.262241	0.268417	0.264501	0.267133	0.269288	0.271008	0.273029	0.272628	0.265671	0.270903	0.269052	0.270623	0.266097	0.271588	0.268582	0.272147	0.265808	0.267169	0.267170	0.266324	0.269294	0.267709	0.266276	0.270874	0.276465	0.273255	0.272181	0.268444	0.274504	0.266524	0.273663	0.264829	0.268737	0.270580	0.270532	0.267797	0.269855	0.273899	0.268647	0.268911	0.279471	0.263954	0.271609	0.268027	0.270648	0.267906	0.273703	0.271356	0.270122	0.275908	0.274000	0.273880	0.263085	0.268679	0.271140	0.268325	0.269178	0.270107	0.267932	0.266033	0.268048	0.269760	0.272996	0.271613	0.277504	0.268717	0.269185	0.268095	0.276956	0.273393	0.266989	0.271495	0.270890	0.281277	0.267868	0.271703	0.267423	0.276648	0.273170	0.276340	0.273797	0.269114	0.269873	0.271124	0.267584	0.271066	0.271392	0.268943	0.275961	0.272283	0.273694	0.277379	0.265102	0.276689	0.268795	0.269937	0.272773	0.265102	0.269364	0.275162	0.265006	0.271515	0.269563	0.269835	0.276439	0.269700	0.273114	0.275133	0.280224	0.283838	0.274739	0.273197	0.267827	0.273516	0.271961	0.275089	0.265434	0.267940	0.275994	0.274433	0.275955	0.267136	0.271070	0.268764	0.267608	
0.271959	0.261808	0.265635	0.128262	0.266349	0.268996	0.273656	0.271306	0.269895	0.000000	0.266088	0.267795	0.270950	0.270110	0.267466	0.268437	0.271291	0.274703	0.269673	0.270214	0.273055	0.270334	0.275636	0.273724	0.264117	0.272830	0.275277	0.271307	0.269327	0.270117	0.270765	0.274557	0.279635	0.274362	0.272207	0.267914	0.264722	0.271040	0.270866	0.269781	0.273312	0.269971	0.270673	0.272580	0.262644	0.262645	0.271557	0.274040	0.277308	0.267243	0.269726	0.270381	0.264242	0.262984	0.269543	0.274882	0.273407	0.262563	0.266085	0.265478	0.273683	0.266143	0.271333	0.268360	0.266323	0.270690	0.273219	0.270348	0.270060	0.277348	0.271555	0.269227	0.271266	0.269595	0.272313	0.270464	0.266050	0.269894	0.266213	0.262851	0.264534	0.265174	0.270761	0.268611	0.272551	0.268897	0.268915	0.268664	0.266552	0.263653	0.270787	0.269212	0.267397	0.270190	0.266727	0.267244	0.263512	0.272454	0.271574	0.274243	0.269927	0.269909	0.274013	0.269303	0.268469	0.269832	0.270722	0.268856	0.268798	0.268576	0.277012	0.267906	0.264509	0.267727	0.269575	0.264797	0.266910	0.274337	0.275829	0.270748	0.272612	0.268407	0.273952	0.266558	0.270655	0.269920	0.267944	0.270721	0.265468	0.269759	0.272080	0.272823	0.265610	0.268758	0.278029	0.270838	0.265759	0.270087	0.270487	0.261347	0.269042	0.273339	0.268850	0.273812	0.268517	0.269530	0.269311	0.264918	0.266611	0.267857	0.265612	0.271421	0.268264	0.264402	0.268241	0.275530	0.271096	0.273384	0.263198	0.263758	0.271459	0.267300	0.270189	0.272983	0.266378	0.279846	0.271777	0.275558	0.267393	0.276043	0.266980	0.270973	0.269065	0.269234	0.269210	0.268944	0.267796	0.267376	0.270246	0.258061	0.264587	0.264516	0.274854	0.272601	0.270975	0.277541	0.269477	0.271162	0.266454	0.264315	0.271443	0.268926	0.273812	0.273688	0.268231	0.270135	0.269062	0.270485	0.274059	0.270496	0.269042	0.274941	0.273654	0.274519	0.272858	0.267609	0.268752	0.268913	0.276019	0.267676	0.273879	0.264621	0.281027	0.276887	0.281844	0.270685	0.272227	0.266861	0.272169	
0.274960	0.267491	0.269926	0.271428	0.273341	0.270645	0.273354	0.273243	0.266418	0.266088	0.000000	0.271244	0.269022	0.271828	0.265889	0.269493	0.272246	0.274976	0.273027	0.274439	0.271689	0.272549	0.279436	0.276210	0.268513	0.269996	0.269870	0.268652	0.274123	0.275001	0.271255	0.271186	0.274208	0.274371	0.267208	0.270854	0.274248	0.272594	0.276508	0.273745	0.273513	0.270567	0.270230	0.269049	0.273654	0.265344	0.276500	0.278160	0.286023	0.268199	0.274883	0.270316	0.267283	0.273627	0.269934	0.276479	0.265516	0.264499	0.276412	0.275471	0.271690	0.270068	0.273445	0.273518	0.266034	0.273961	0.271710	0.278094	0.271714	0.276778	0.274517	0.272434	0.273091	0.266282	0.269864	0.272068	0.268542	0.272372	0.268543	0.271453	0.263908	0.270382	0.271148	0.271038	0.272616	0.268893	0.268373	0.268414	0.266422	0.268944	0.271459	0.275112	0.272337	0.265134	0.268708	0.271655	0.270671	0.276637	0.267141	0.270658	0.271481	0.267052	0.271483	0.268803	0.269033	0.266663	0.273814	0.269237	0.268329	0.267887	0.276363	0.270137	0.272411	0.267989	0.269610	0.273839	0.271326	0.271895	0.273013	0.266702	0.268075	0.270344	0.271649	0.274097	0.274199	0.267430	0.273260	0.270366	0.269000	0.268774	0.269628	0.272413	0.272776	0.276297	0.277036	0.272988	0.273070	0.271933	0.268342	0.272010	0.272000	0.269032	0.272249	0.269562	0.272349	0.275521	0.273045	0.271860	0.271506	0.266935	0.268496	0.269598	0.276220	0.269627	0.276321	0.281586	0.276146	0.266464	0.272699	0.262843	0.272007	0.278145	0.270224	0.276178	0.271970	0.275770	0.266278	0.284871	0.269374	0.270467	0.268347	0.274161	0.278174	0.273301	0.274090	0.271848	0.273010	0.272775	0.272732	0.265891	0.277404	0.268948	0.272358	0.274278	0.268911	0.273887	0.270075	0.275192	0.269664	0.270073	0.276237	0.273512	0.271362	0.274224	0.264779	0.272256	0.272755	0.270094	0.277948	0.268073	0.270796	0.271131	0.272511	0.278689	0.278445	0.269890	0.267146	0.272497	0.276236	0.267146	0.266492	0.266284	0.276288	0.283998	0.277837	0.270517	0.272013	0.272900	0.269020	
0.280131	0.271532	0.274897	0.271293	0.267353	0.268634	0.274489	0.270629	0.269754	0.267795	0.271244	0.000000	0.275162	0.265749	0.270135	0.278675	0.272628	0.279011	0.271356	0.277013	0.273802	0.271651	0.275453	0.272558	0.262528	0.276853	0.278364	0.271810	0.276996	0.274247	0.270541	0.274438	0.274490	0.274706	0.269672	0.267998	0.273093	0.273324	0.276404	0.271179	0.276362	0.276777	0.271551	0.277196	0.275325	0.272044	0.276625	0.274018	0.286286	0.267082	0.272756	0.271987	0.265298	0.274047	0.266616	0.277166	0.274630	0.268590	0.273780	0.276172	0.274594	0.269488	0.277039	0.273763	0.269724	0.273278	0.277167	0.273315	0.274115	0.274012	0.278594	0.273151	0.273376	0.271510	0.273453	0.275812	0.270346	0.273683	0.269377	0.269612	0.270262	0.268929	0.269394	0.273954	0.268953	0.273711	0.270349	0.275006	0.272931	0.271974	0.276703	0.272145	0.270765	0.273618	0.265157	0.275866	0.267007	0.266225	0.268411	0.279898	0.266997	0.271069	0.269994	0.268779	0.270049	0.276171	0.272126	0.270686	0.269756	0.273926	0.273779	0.271464	0.272891	0.269290	0.275079	0.269042	0.273288	0.277684	0.279199	0.270844	0.274988	0.269836	0.275016	0.267898	0.271388	0.273897	0.275904	0.273678	0.268637	0.267432	0.275389	0.275787	0.277026	0.269807	0.274308	0.270358	0.271487	0.266076	0.267390	0.269447	0.273894	0.271350	0.271334	0.271572	0.267015	0.270437	0.271233	0.272304	0.269910	0.271285	0.270417	0.276349	0.272991	0.266936	0.272637	0.275498	0.271643	0.274908	0.269292	0.271874	0.269807	0.270955	0.276641	0.277203	0.271057	0.270774	0.271203	0.286788	0.264359	0.271466	0.267295	0.273719	0.269966	0.270771	0.271480	0.269927	0.272114	0.272179	0.272881	0.270109	0.271176	0.269369	0.275188	0.274818	0.270374	0.273064	0.266117	0.272467	0.272523	0.268143	0.274135	0.271249	0.276292	0.272099	0.266770	0.275291	0.266735	0.272144	0.270237	0.275235	0.270180	0.277030	0.278292	0.278228	0.274905	0.273255	0.271174	0.274109	0.271174	0.274298	0.270513	0.270235	0.274879	0.278750	0.274479	0.270486	0.270448	0.272331	0.273817	
0.280408	0.270769	0.270558	0.266759	0.272457	0.272307	0.275985	0.273735	0.268816	0.270950	0.269022	0.275162	0.000000	0.269009	0.271077	0.271223	0.272214	0.279168	0.269917	0.274978	0.271075	0.274738	0.279061	0.278425	0.267625	0.273792	0.275257	0.275054	0.276875	0.274689	0.273943	0.279733	0.276908	0.272164	0.276533	0.270860	0.273148	0.276048	0.268701	0.271687	0.276396	0.267969	0.272478	0.273969	0.270427	0.269461	0.279188	0.273931	0.276722	0.271642	0.275799	0.275048	0.271048	0.275802	0.271080	0.281630	0.276321	0.265209	0.276055	0.287937	0.277102	0.271740	0.276492	0.275810	0.270653	0.278070	0.277800	0.278309	0.278757	0.282229	0.277877	0.272252	0.274131	0.273637	0.274444	0.274528	0.271867	0.274692	0.269999	0.271247	0.274800	0.272994	0.271560	0.276251	0.275017	0.274856	0.271362	0.276852	0.269163	0.270065	0.277754	0.275836	0.271813	0.274235	0.268603	0.272943	0.267322	0.268325	0.277147	0.284107	0.271576	0.271650	0.278410	0.273506	0.274005	0.275445	0.279798	0.275415	0.272330	0.277235	0.277388	0.267309	0.269832	0.272043	0.274266	0.273959	0.272972	0.275061	0.277792	0.274193	0.279720	0.272264	0.278549	0.273335	0.279995	0.274531	0.276988	0.270804	0.273275	0.273072	0.280417	0.272204	0.275388	0.274553	0.278811	0.276329	0.276037	0.271799	0.273442	0.268947	0.271162	0.272238	0.280840	0.276789	0.278498	0.277683	0.266214	0.273610	0.271186	0.272886	0.271162	0.272249	0.270645	0.271404	0.268702	0.283533	0.278858	0.274188	0.275744	0.271548	0.273628	0.277926	0.280619	0.277500	0.270060	0.276841	0.275518	0.278766	0.276341	0.278787	0.271415	0.275781	0.282046	0.270043	0.276989	0.274431	0.270500	0.272206	0.270321	0.272236	0.273024	0.272491	0.275571	0.275420	0.275744	0.281817	0.268202	0.275419	0.271971	0.270995	0.275772	0.275046	0.277649	0.276445	0.268071	0.274599	0.274123	0.276320	0.274663	0.280230	0.275477	0.275569	0.277292	0.287114	0.273604	0.275109	0.275244	0.275420	0.272620	0.273498	0.271293	0.269904	0.281266	0.274158	0.277825	0.274502	0.274314	0.278301	0.273175	
0.272363	0.270058	0.271197	0.268959	0.272378	0.268941	0.271442	0.273602	0.265616	0.270110	0.271828	0.265749	0.269009	0.000000	0.273562	0.270459	0.271998	0.273990	0.268479	0.269169	0.268659	0.270301	0.276458	0.274420	0.269752	0.275749	0.268669	0.274904	0.271711	0.274086	0.276635	0.270011	0.274640	0.273852	0.274434	0.275929	0.273338	0.269284	0.271495	0.275182	0.272017	0.277575	0.274534	0.272453	0.268970	0.271797	0.270168	0.270395	0.276007	0.265766	0.269890	0.272635	0.264734	0.267740	0.272806	0.274217	0.274735	0.265373	0.273487	0.278478	0.271364	0.272696	0.278618	0.271109	0.271047	0.268464	0.274040	0.271623	0.272696	0.279105	0.271441	0.271549	0.273360	0.273054	0.272637	0.272259	0.272230	0.271270	0.276851	0.274034	0.267770	0.275068	0.273423	0.270429	0.268761	0.271900	0.274684	0.272544	0.273645	0.274596	0.271710	0.271069	0.269441	0.270168	0.267610	0.276641	0.266478	0.273545	0.272226	0.274812	0.270021	0.270473	0.271751	0.273493	0.269454	0.276609	0.274573	0.276724	0.272456	0.270838	0.271362	0.268569	0.265945	0.272533	0.270829	0.270911	0.268235	0.274633	0.276655	0.272424	0.274205	0.266052	0.277139	0.269123	0.273922	0.271212	0.270579	0.268079	0.271008	0.270467	0.276542	0.273520	0.272738	0.267790	0.275474	0.271756	0.265051	0.271722	0.264655	0.270994	0.271197	0.268432	0.272174	0.274430	0.275286	0.268759	0.271307	0.268991	0.270775	0.265065	0.264575	0.268977	0.270436	0.270302	0.271340	0.272076	0.271567	0.279090	0.268060	0.271322	0.265694	0.272271	0.267178	0.278173	0.267903	0.293772	0.265661	0.286354	0.270029	0.274922	0.269123	0.281873	0.278085	0.273917	0.268820	0.269530	0.276919	0.276164	0.268909	0.278089	0.263171	0.269229	0.277066	0.279387	0.272705	0.272999	0.263205	0.273970	0.274663	0.272926	0.281285	0.271899	0.272248	0.277598	0.265544	0.274129	0.275924	0.269714	0.269174	0.274621	0.268699	0.272707	0.272916	0.274243	0.269142	0.268910	0.276967	0.275176	0.269849	0.272009	0.274381	0.273536	0.280676	0.276730	0.281774	0.271747	0.269169	0.273064	0.270995	
0.272279	0.265030	0.265060	0.267919	0.269247	0.266764	0.269835	0.273439	0.264828	0.267466	0.265889	0.270135	0.271077	0.273562	0.000000	0.269155	0.264998	0.278193	0.273843	0.271325	0.272313	0.272877	0.274494	0.267021	0.263460	0.270613	0.273055	0.270087	0.270101	0.273179	0.264467	0.268268	0.271464	0.270287	0.264960	0.273749	0.269750	0.268418	0.270411	0.272851	0.271429	0.271089	0.268738	0.270647	0.263173	0.266233	0.267642	0.267746	0.274530	0.262708	0.272289	0.273243	0.263819	0.271200	0.269376	0.273317	0.269958	0.263563	0.276533	0.270047	0.267596	0.264652	0.265369	0.268126	0.270242	0.269464	0.270021	0.269983	0.268235	0.272585	0.266357	0.260234	0.268442	0.273389	0.267387	0.266397	0.269411	0.271889	0.264964	0.268224	0.264719	0.272882	0.266546	0.270547	0.268599	0.268367	0.269090	0.273202	0.264970	0.264950	0.268393	0.268783	0.264538	0.268837	0.262522	0.270031	0.269588	0.268692	0.268024	0.274568	0.268810	0.269032	0.266714	0.268423	0.268461	0.272910	0.267961	0.267031	0.268624	0.267143	0.276809	0.267558	0.266275	0.266963	0.269968	0.268991	0.270046	0.269378	0.267941	0.263183	0.267000	0.269572	0.270222	0.262797	0.273513	0.265224	0.268911	0.267805	0.268000	0.267367	0.273503	0.268563	0.267791	0.263017	0.277671	0.270609	0.266382	0.265021	0.262972	0.266388	0.271286	0.268274	0.270739	0.269798	0.265453	0.273813	0.267518	0.267764	0.270552	0.263997	0.269483	0.271032	0.278496	0.266713	0.266674	0.272478	0.275688	0.265062	0.271194	0.267493	0.261974	0.266955	0.268688	0.271439	0.266805	0.280153	0.273620	0.277116	0.266741	0.276520	0.263900	0.270549	0.271702	0.267916	0.269558	0.269302	0.271022	0.265809	0.269097	0.267047	0.273264	0.268498	0.272747	0.268780	0.266441	0.273146	0.267595	0.273043	0.271353	0.270015	0.275919	0.265859	0.270630	0.270906	0.267558	0.268437	0.268629	0.269001	0.277409	0.268108	0.265651	0.270578	0.270684	0.271698	0.276941	0.270460	0.264142	0.268420	0.266679	0.271226	0.271455	0.267150	0.277682	0.274263	0.283363	0.269496	0.270187	0.272706	0.267384	
0.269762	0.264671	0.272309	0.270187	0.268373	0.270181	0.272951	0.272782	0.268458	0.268437	0.269493	0.278675	0.271223	0.270459	0.269155	0.000000	0.272302	0.277337	0.269103	0.280088	0.274090	0.271139	0.277622	0.268593	0.267001	0.272152	0.273308	0.270201	0.275581	0.274068	0.273034	0.272853	0.273363	0.272444	0.266336	0.271474	0.275148	0.268611	0.272939	0.275637	0.274668	0.275360	0.270157	0.277326	0.270689	0.264401	0.276082	0.274949	0.284244	0.264451	0.275166	0.270428	0.268703	0.272041	0.266866	0.278138	0.273213	0.266840	0.274485	0.274082	0.273976	0.271049	0.267382	0.271553	0.262667	0.273501	0.277356	0.274129	0.270040	0.278325	0.275169	0.269867	0.271529	0.272744	0.273879	0.274964	0.269920	0.276226	0.271383	0.272214	0.265583	0.268518	0.268754	0.273420	0.273266	0.273140	0.271705	0.272328	0.266697	0.271472	0.270466	0.275188	0.273750	0.266121	0.268424	0.275710	0.269933	0.272981	0.268337	0.275514	0.267462	0.263303	0.269748	0.270516	0.271700	0.267915	0.275124	0.272158	0.272139	0.268903	0.274803	0.272555	0.270218	0.268374	0.270358	0.270746	0.272534	0.272832	0.274718	0.268559	0.274136	0.266693	0.269358	0.270357	0.275678	0.265704	0.272265	0.271310	0.271043	0.272253	0.275571	0.273956	0.273224	0.273016	0.273549	0.273621	0.269547	0.271396	0.267195	0.270398	0.269313	0.268203	0.272479	0.275207	0.275749	0.275511	0.273888	0.268441	0.267697	0.266253	0.269228	0.270041	0.276618	0.273036	0.270751	0.271827	0.268419	0.271994	0.271947	0.269807	0.274707	0.269935	0.274389	0.278298	0.276970	0.298036	0.272633	0.282000	0.268081	0.272275	0.265774	0.275095	0.273124	0.272324	0.271596	0.268151	0.274273	0.268045	0.269124	0.269217	0.272922	0.268597	0.277399	0.275157	0.276495	0.274809	0.269940	0.272950	0.272378	0.272070	0.279222	0.269685	0.267537	0.270830	0.266861	0.270414	0.274808	0.271152	0.275235	0.267639	0.271353	0.267234	0.268010	0.272199	0.267338	0.274513	0.272142	0.276254	0.275483	0.274360	0.275489	0.271041	0.281896	0.272371	0.281875	0.273233	0.273235	0.274818	0.268902	
0.272590	0.267891	0.268573	0.271158	0.268533	0.271868	0.268841	0.269930	0.267583	0.271291	0.272246	0.272628	0.272214	0.271998	0.264998	0.272302	0.000000	0.276532	0.269747	0.269295	0.268569	0.275149	0.274263	0.275832	0.265705	0.270572	0.268251	0.267988	0.271049	0.268305	0.271589	0.270210	0.274354	0.269827	0.270917	0.270376	0.270162	0.264179	0.269570	0.274692	0.277454	0.275435	0.272786	0.270805	0.268900	0.265210	0.269221	0.270982	0.275604	0.268308	0.274505	0.271646	0.268594	0.263987	0.272116	0.274362	0.271483	0.264587	0.276656	0.279589	0.269763	0.267352	0.272226	0.267600	0.268537	0.272494	0.272045	0.275541	0.267849	0.278519	0.271309	0.271155	0.271846	0.268370	0.264498	0.272237	0.271838	0.268466	0.271587	0.269629	0.264657	0.267671	0.270143	0.271408	0.269903	0.265260	0.266174	0.271998	0.268790	0.270733	0.270120	0.277560	0.269474	0.269874	0.264086	0.266931	0.270992	0.268840	0.264386	0.275212	0.271434	0.270339	0.269538	0.269786	0.270125	0.271078	0.268628	0.266682	0.272861	0.268276	0.272827	0.268967	0.272006	0.268196	0.269879	0.270489	0.274274	0.269727	0.273435	0.270427	0.271952	0.265388	0.272691	0.272062	0.275166	0.273006	0.279365	0.270070	0.264218	0.271496	0.272535	0.270048	0.272209	0.272602	0.269667	0.271858	0.271542	0.269582	0.271265	0.268922	0.271768	0.270954	0.268350	0.266077	0.272223	0.272190	0.270930	0.267368	0.275584	0.266288	0.267198	0.271083	0.267559	0.267296	0.268302	0.273251	0.270778	0.269347	0.274600	0.269353	0.268077	0.269883	0.268992	0.275908	0.270212	0.274068	0.268130	0.280638	0.269857	0.273700	0.271420	0.265820	0.271588	0.273625	0.272612	0.271597	0.274772	0.269780	0.271149	0.270171	0.269075	0.275457	0.277241	0.265040	0.272353	0.277643	0.277260	0.269914	0.272599	0.269689	0.273788	0.264699	0.270571	0.267794	0.266412	0.274864	0.269034	0.272058	0.273668	0.269922	0.269695	0.273090	0.276021	0.282231	0.273652	0.269233	0.273367	0.265252	0.267161	0.276782	0.270968	0.269296	0.275776	0.280011	0.273108	0.272486	0.270618	0.271257	0.269006	
0.273361	0.275042	0.278155	0.270483	0.276972	0.273199	0.284213	0.276445	0.281414	0.274703	0.274976	0.279011	0.279168	0.273990	0.278193	0.277337	0.276532	0.000000	0.274092	0.278027	0.271648	0.280803	0.273168	0.281027	0.272844	0.281526	0.278122	0.276348	0.277603	0.273485	0.277572	0.276105	0.280547	0.272409	0.266697	0.278888	0.271199	0.274943	0.268857	0.277393	0.279580	0.280257	0.273660	0.275153	0.270005	0.271713	0.276211	0.277175	0.286551	0.272055	0.275502	0.275931	0.274802	0.273025	0.276612	0.281779	0.271610	0.268728	0.279793	0.283669	0.278703	0.271118	0.278505	0.280260	0.274015	0.278347	0.279293	0.278197	0.275862	0.274798	0.280671	0.272194	0.280328	0.269055	0.273183	0.272549	0.273978	0.274172	0.275708	0.279160	0.271878	0.277654	0.278202	0.273451	0.279273	0.272883	0.277488	0.272106	0.271142	0.277534	0.277538	0.280316	0.271712	0.272125	0.273425	0.274514	0.269627	0.274044	0.277364	0.279902	0.274495	0.275854	0.275118	0.271882	0.275777	0.277484	0.279086	0.273514	0.273343	0.276599	0.275581	0.275579	0.272185	0.277312	0.274056	0.276602	0.276639	0.277310	0.280895	0.279151	0.279565	0.271923	0.278869	0.275253	0.281012	0.269454	0.274918	0.277578	0.273919	0.278934	0.278393	0.278477	0.275867	0.271179	0.281253	0.279753	0.269132	0.274448	0.277234	0.273716	0.277441	0.274633	0.274949	0.286362	0.276642	0.283558	0.271398	0.274326	0.274577	0.272097	0.275094	0.274020	0.286361	0.278407	0.273560	0.282570	0.274733	0.281715	0.271666	0.273235	0.278623	0.276041	0.276857	0.274162	0.273163	0.295560	0.275092	0.280628	0.275760	0.281717	0.275784	0.273623	0.276450	0.278024	0.270909	0.272589	0.275481	0.275734	0.274266	0.274571	0.270799	0.276298	0.282372	0.275917	0.276714	0.283087	0.275908	0.277884	0.274264	0.273496	0.281073	0.277460	0.275859	0.281524	0.279003	0.272298	0.278049	0.277823	0.278293	0.276042	0.275314	0.283266	0.281658	0.285090	0.276859	0.276983	0.270408	0.278067	0.274950	0.278159	0.274564	0.279214	0.282196	0.283133	0.277000	0.280874	0.270254	0.272154	0.276764	
0.272060	0.267117	0.270595	0.271320	0.273434	0.270815	0.276761	0.273246	0.271795	0.269673	0.273027	0.271356	0.269917	0.268479	0.273843	0.269103	0.269747	0.274092	0.000000	0.272542	0.267261	0.274511	0.274663	0.274399	0.267728	0.276999	0.273510	0.273896	0.271734	0.273257	0.271693	0.274024	0.273763	0.274470	0.269349	0.268643	0.271639	0.268733	0.271183	0.273147	0.275161	0.268902	0.268544	0.272059	0.270450	0.267507	0.274479	0.276771	0.281590	0.265648	0.275427	0.271477	0.266750	0.264652	0.273527	0.273300	0.274909	0.268863	0.274598	0.279751	0.269121	0.267809	0.275337	0.274458	0.270082	0.272173	0.272547	0.274672	0.265518	0.276311	0.272553	0.271177	0.270359	0.270132	0.273144	0.268284	0.273258	0.265796	0.270503	0.272399	0.266260	0.270048	0.273786	0.272555	0.275914	0.271019	0.265885	0.276693	0.265686	0.271959	0.269027	0.273500	0.272071	0.275072	0.266815	0.268732	0.271604	0.267859	0.268815	0.274270	0.265536	0.270396	0.269770	0.273257	0.267192	0.269332	0.276992	0.275547	0.273183	0.270848	0.280750	0.268300	0.270796	0.264863	0.269479	0.271565	0.269463	0.272616	0.274916	0.274617	0.269287	0.271084	0.276746	0.269600	0.274211	0.276721	0.266342	0.268477	0.270984	0.269877	0.271395	0.269457	0.278793	0.271923	0.274396	0.273591	0.271657	0.270595	0.271018	0.267310	0.278043	0.274840	0.275956	0.273555	0.272590	0.273205	0.274343	0.269791	0.274641	0.264344	0.266800	0.273912	0.273730	0.271732	0.271376	0.275842	0.275729	0.276721	0.271727	0.271660	0.270151	0.275093	0.266359	0.275566	0.274592	0.277950	0.273132	0.275019	0.270455	0.277978	0.273876	0.271001	0.277826	0.275688	0.275591	0.266114	0.270411	0.273836	0.269467	0.269977	0.265795	0.265869	0.277682	0.277189	0.275974	0.274231	0.266800	0.273176	0.275255	0.270388	0.274189	0.270337	0.273416	0.267887	0.269762	0.273632	0.274688	0.276247	0.275394	0.272794	0.270967	0.271971	0.271525	0.274822	0.269115	0.270651	0.274541	0.267123	0.267103	0.271448	0.270855	0.269349	0.280187	0.271280	0.269434	0.273934	0.272390	0.271500	0.270873	
0.274369	0.274388	0.270384	0.270697	0.273880	0.273804	0.273976	0.281489	0.271542	0.270214	0.274439	0.277013	0.274978	0.269169	0.271325	0.280088	0.269295	0.278027	0.272542	0.000000	0.273782	0.273922	0.275780	0.274953	0.270468	0.275941	0.273662	0.277797	0.274140	0.272130	0.270226	0.276782	0.268798	0.275664	0.279728	0.271319	0.273898	0.274499	0.267356	0.276616	0.278069	0.275003	0.274070	0.277230	0.270949	0.267861	0.273909	0.277049	0.279380	0.270150	0.272722	0.276777	0.268888	0.273825	0.272842	0.274477	0.274381	0.270111	0.274707	0.276620	0.273879	0.272673	0.274287	0.274732	0.265573	0.273682	0.277920	0.275738	0.272091	0.277491	0.275889	0.272220	0.276375	0.274672	0.271102	0.273401	0.269335	0.270344	0.272199	0.271700	0.274545	0.269612	0.274004	0.273560	0.274649	0.272405	0.267010	0.272349	0.273594	0.270876	0.271998	0.274427	0.273518	0.267393	0.271744	0.267230	0.267680	0.273815	0.278093	0.276839	0.267228	0.270070	0.273825	0.279700	0.269767	0.274823	0.277886	0.274010	0.275035	0.272338	0.275187	0.273706	0.266556	0.270701	0.273963	0.269867	0.272942	0.276733	0.278544	0.269156	0.270299	0.271868	0.272574	0.267524	0.276114	0.276987	0.274955	0.274340	0.271522	0.270103	0.273712	0.275429	0.278851	0.274605	0.281992	0.273477	0.277135	0.280192	0.274214	0.269333	0.275475	0.275293	0.276015	0.279109	0.276438	0.272316	0.277223	0.273017	0.269912	0.273177	0.270015	0.273961	0.281398	0.267872	0.277512	0.282197	0.276087	0.274991	0.271316	0.271154	0.275264	0.272898	0.274709	0.278894	0.270947	0.273596	0.273875	0.285316	0.274533	0.278001	0.271996	0.275854	0.275864	0.277027	0.275083	0.272120	0.273074	0.277528	0.271805	0.278960	0.272678	0.271671	0.271758	0.272209	0.272423	0.279522	0.275144	0.273061	0.275322	0.273759	0.279047	0.269405	0.274941	0.271278	0.273186	0.276443	0.272956	0.272254	0.282827	0.272379	0.273374	0.273416	0.270893	0.290481	0.278712	0.273924	0.269976	0.276698	0.276617	0.277024	0.274735	0.270984	0.274890	0.274876	0.271783	0.271367	0.275233	0.272184	0.272872	
