1.0000	0.4618	0.4462	0.4489	0.4528	0.4521	0.4789	0.4919	0.4466	0.4409	0.4606	0.4436	0.4680	0.5036	0.4703	0.4443	0.4576	0.4576	0.4334	0.4497
0.4618	1.0000	0.4633	0.4265	0.4385	0.4070	0.4407	0.4350	0.4399	0.4649	0.4272	0.4321	0.4681	0.4520	0.4574	0.4334	0.4391	0.4391	0.4730	0.4627
0.4462	0.4633	1.0000	0.4737	0.4616	0.3977	0.4189	0.4954	0.4196	0.4516	0.4864	0.4342	0.4787	0.4759	0.4727	0.4886	0.4470	0.4470	0.4646	0.5048
0.4489	0.4265	0.4737	1.0000	0.4654	0.4274	0.4145	0.4554	0.4706	0.4550	0.4611	0.4423	0.4751	0.4941	0.4387	0.4487	0.4208	0.4208	0.4590	0.4512
0.4528	0.4385	0.4616	0.4654	1.0000	0.4031	0.3812	0.4156	0.4204	0.4010	0.4668	0.4149	0.5020	0.4598	0.4437	0.4522	0.3915	0.3915	0.4350	0.4236
0.4521	0.4070	0.3977	0.4274	0.4031	1.0000	0.4600	0.4011	0.4145	0.4159	0.4334	0.4586	0.4542	0.4768	0.4417	0.4066	0.4538	0.4538	0.4036	0.4223
0.4789	0.4407	0.4189	0.4145	0.3812	0.4600	1.0000	0.4511	0.4298	0.4936	0.4809	0.4532	0.4567	0.4879	0.4048	0.4513	0.4497	0.4497	0.4580	0.4996
0.4919	0.4350	0.4954	0.4554	0.4156	0.4011	0.4511	1.0000	0.4363	0.4174	0.4636	0.4555	0.4654	0.4418	0.4566	0.4711	0.4402	0.4402	0.4528	0.4714
0.4466	0.4399	0.4196	0.4706	0.4204	0.4145	0.4298	0.4363	1.0000	0.4769	0.4545	0.4774	0.4558	0.4372	0.4348	0.4110	0.4214	0.4214	0.4295	0.4165
0.4409	0.4649	0.4516	0.4550	0.4010	0.4159	0.4936	0.4174	0.4769	1.0000	0.4561	0.4876	0.4540	0.4938	0.4418	0.4471	0.4324	0.4324	0.4788	0.4789
0.4606	0.4272	0.4864	0.4611	0.4668	0.4334	0.4809	0.4636	0.4545	0.4561	1.0000	0.4376	0.4539	0.4906	0.4741	0.4844	0.4006	0.4006	0.4562	0.4759
0.4436	0.4321	0.4342	0.4423	0.4149	0.4586	0.4532	0.4555	0.4774	0.4876	0.4376	1.0000	0.4595	0.4793	0.4225	0.4399	0.4307	0.4307	0.4346	0.4512
0.4680	0.4681	0.4787	0.4751	0.5020	0.4542	0.4567	0.4654	0.4558	0.4540	0.4539	0.4595	1.0000	0.4771	0.4758	0.4553	0.4297	0.4297	0.4999	0.4648
0.5036	0.4520	0.4759	0.4941	0.4598	0.4768	0.4879	0.4418	0.4372	0.4938	0.4906	0.4793	0.4771	1.0000	0.4673	0.4678	0.4643	0.4643	0.4455	0.5133
0.4703	0.4574	0.4727	0.4387	0.4437	0.4417	0.4048	0.4566	0.4348	0.4418	0.4741	0.4225	0.4758	0.4673	1.0000	0.4256	0.4635	0.4635	0.4508	0.4629
0.4443	0.4334	0.4886	0.4487	0.4522	0.4066	0.4513	0.4711	0.4110	0.4471	0.4844	0.4399	0.4553	0.4678	0.4256	1.0000	0.3850	0.3850	0.4378	0.4691
0.4576	0.4391	0.4470	0.4208	0.3915	0.4538	0.4497	0.4402	0.4214	0.4324	0.4006	0.4307	0.4297	0.4643	0.4635	0.3850	1.0000	1.0000	0.4397	0.4360
0.4576	0.4391	0.4470	0.4208	0.3915	0.4538	0.4497	0.4402	0.4214	0.4324	0.4006	0.4307	0.4297	0.4643	0.4635	0.3850	1.0000	1.0000	0.4397	0.4360
0.4334	0.4730	0.4646	0.4590	0.4350	0.4036	0.4580	0.4528	0.4295	0.4788	0.4562	0.4346	0.4999	0.4455	0.4508	0.4378	0.4397	0.4397	1.0000	0.4626
0.4497	0.4627	0.5048	0.4512	0.4236	0.4223	0.4996	0.4714	0.4165	0.4789	0.4759	0.4512	0.4648	0.5133	0.4629	0.4691	0.4360	0.4360	0.4626	1.0000
