1.0000 0.5397 0.5253 0.5955 0.5945 0.5945 0.5293 0.5397 0.5397 0.5397 0.5397 0.5439 0.5397 0.5384 0.5646 0.5708 0.5042 0.5920 0.5920 0.5920
0.5397 1.0000 0.6000 0.5614 0.5848 0.5848 0.5804 1.0000 1.0000 1.0000 1.0000 0.5541 1.0000 0.5851 0.5641 0.5949 0.5268 0.6101 0.6101 0.6101
0.5253 0.6000 1.0000 0.5271 0.5459 0.5459 0.5570 0.6000 0.6000 0.6000 0.6000 0.5557 0.6000 0.5340 0.5617 0.5501 0.5337 0.5692 0.5692 0.5692
0.5955 0.5614 0.5271 1.0000 0.5641 0.5641 0.5131 0.5614 0.5614 0.5614 0.5614 0.5252 0.5614 0.5321 0.5305 0.5691 0.5076 0.5801 0.5801 0.5801
0.5945 0.5848 0.5459 0.5641 1.0000 1.0000 0.5591 0.5848 0.5848 0.5848 0.5848 0.5855 0.5848 0.5583 0.5417 0.5406 0.5584 0.5632 0.5632 0.5632
0.5945 0.5848 0.5459 0.5641 1.0000 1.0000 0.5591 0.5848 0.5848 0.5848 0.5848 0.5855 0.5848 0.5583 0.5417 0.5406 0.5584 0.5632 0.5632 0.5632
0.5293 0.5804 0.5570 0.5131 0.5591 0.5591 1.0000 0.5804 0.5804 0.5804 0.5804 0.5293 0.5804 0.5429 0.5122 0.5508 0.6028 0.5706 0.5706 0.5706
0.5397 1.0000 0.6000 0.5614 0.5848 0.5848 0.5804 1.0000 1.0000 1.0000 1.0000 0.5541 1.0000 0.5851 0.5641 0.5949 0.5268 0.6101 0.6101 0.6101
0.5397 1.0000 0.6000 0.5614 0.5848 0.5848 0.5804 1.0000 1.0000 1.0000 1.0000 0.5541 1.0000 0.5851 0.5641 0.5949 0.5268 0.6101 0.6101 0.6101
0.5397 1.0000 0.6000 0.5614 0.5848 0.5848 0.5804 1.0000 1.0000 1.0000 1.0000 0.5541 1.0000 0.5851 0.5641 0.5949 0.5268 0.6101 0.6101 0.6101
0.5397 1.0000 0.6000 0.5614 0.5848 0.5848 0.5804 1.0000 1.0000 1.0000 1.0000 0.5541 1.0000 0.5851 0.5641 0.5949 0.5268 0.6101 0.6101 0.6101
0.5439 0.5541 0.5557 0.5252 0.5855 0.5855 0.5293 0.5541 0.5541 0.5541 0.5541 1.0000 0.5541 0.5370 0.5377 0.4953 0.5109 0.5485 0.5485 0.5485
0.5397 1.0000 0.6000 0.5614 0.5848 0.5848 0.5804 1.0000 1.0000 1.0000 1.0000 0.5541 1.0000 0.5851 0.5641 0.5949 0.5268 0.6101 0.6101 0.6101
0.5384 0.5851 0.5340 0.5321 0.5583 0.5583 0.5429 0.5851 0.5851 0.5851 0.5851 0.5370 0.5851 1.0000 0.5246 0.5451 0.5063 0.5912 0.5912 0.5912
0.5646 0.5641 0.5617 0.5305 0.5417 0.5417 0.5122 0.5641 0.5641 0.5641 0.5641 0.5377 0.5641 0.5246 1.0000 0.5000 0.4891 0.5584 0.5584 0.5584
0.5708 0.5949 0.5501 0.5691 0.5406 0.5406 0.5508 0.5949 0.5949 0.5949 0.5949 0.4953 0.5949 0.5451 0.5000 1.0000 0.5330 0.5744 0.5744 0.5744
0.5042 0.5268 0.5337 0.5076 0.5584 0.5584 0.6028 0.5268 0.5268 0.5268 0.5268 0.5109 0.5268 0.5063 0.4891 0.5330 1.0000 0.5275 0.5275 0.5275
0.5920 0.6101 0.5692 0.5801 0.5632 0.5632 0.5706 0.6101 0.6101 0.6101 0.6101 0.5485 0.6101 0.5912 0.5584 0.5744 0.5275 1.0000 1.0000 1.0000
0.5920 0.6101 0.5692 0.5801 0.5632 0.5632 0.5706 0.6101 0.6101 0.6101 0.6101 0.5485 0.6101 0.5912 0.5584 0.5744 0.5275 1.0000 1.0000 1.0000
0.5920 0.6101 0.5692 0.5801 0.5632 0.5632 0.5706 0.6101 0.6101 0.6101 0.6101 0.5485 0.6101 0.5912 0.5584 0.5744 0.5275 1.0000 1.0000 1.0000
